"<1741028053462>",-0.02328028,0.9859279,0.15650478,0.053948596,-4.385679,0.65660864,-0.012873842
"<1741028053492>",-0.02292773,0.98582584,0.15680882,0.055069834,-4.3854303,0.6572138,-0.01532723
"<1741028053508>",-0.022163598,0.985841,0.15607113,0.05716696,-4.384974,0.6574496,-0.016803144
"<1741028053542>",-0.019461539,0.9860464,0.15351076,0.06138471,-4.3838463,0.65790427,-0.020108014
"<1741028053575>",-0.016288854,0.98634106,0.15132733,0.062975585,-4.3828664,0.65847635,-0.023508295
"<1741028053608>",-0.014656863,0.98649853,0.15079436,0.062182695,-4.383159,0.65961695,-0.0269043
"<1741028053642>",-0.014882072,0.9865359,0.15128501,0.060316734,-4.383309,0.66060364,-0.02976264
"<1741028053675>",-0.016410308,0.9865069,0.15205581,0.058427986,-4.384006,0.6622845,-0.03268914
"<1741028053708>",-0.018454218,0.9864898,0.15250139,0.05692647,-4.384767,0.6638012,-0.035639092
"<1741028053742>",-0.019900182,0.98653823,0.1522755,0.056198996,-4.385462,0.6652643,-0.03876748
"<1741028053775>",-0.020017724,0.9866115,0.15176238,0.05625926,-4.3862176,0.66689646,-0.040956497
"<1741028053809>",-0.01922915,0.9867891,0.15044522,0.056952316,-4.38683,0.6687286,-0.043853715
"<1741028053842>",-0.018163826,0.98702925,0.14873664,0.057624627,-4.387417,0.6707703,-0.047202647
"<1741028053875>",-0.016933035,0.9873495,0.14684628,0.057361532,-4.387982,0.67299086,-0.04914692
"<1741028053908>",-0.016134618,0.98778045,0.14415742,0.05699063,-4.3885903,0.67535794,-0.05234918
"<1741028053942>",-0.015516833,0.98822033,0.14126919,0.056769073,-4.389188,0.67780167,-0.055602357
"<1741028053975>",-0.01476192,0.98859894,0.1384372,0.057351973,-4.3893995,0.67957187,-0.056706294
"<1741028054009>",-0.013952053,0.98893774,0.13565639,0.058349818,-4.3897634,0.6819189,-0.059430562
"<1741028054042>",-0.013036005,0.98929054,0.13302359,0.05864136,-4.390154,0.6843428,-0.062276736
"<1741028054075>",-0.01227836,0.98966837,0.13024172,0.058675412,-4.3903675,0.6861134,-0.062945746
"<1741028054109>",-0.011622888,0.99007976,0.12710719,0.05874181,-4.3909974,0.6886603,-0.0654496
"<1741028054142>",-0.010957412,0.9904863,0.12374509,0.05919305,-4.3917885,0.69145525,-0.06799299
"<1741028054175>",-0.00999373,0.9909061,0.120105915,0.059829716,-4.391835,0.6942669,-0.063394316
"<1741028054209>",-0.008439719,0.9913628,0.11602257,0.060557693,-4.392579,0.6976652,-0.06439865
"<1741028054242>",-0.006486778,0.9916822,0.11216234,0.06279972,-4.3933253,0.70172036,-0.06552322
"<1741028054275>",-0.0043436815,0.99190557,0.10826248,0.06620867,-4.394121,0.70660365,-0.06642008
"<1741028054309>",-0.0018729264,0.99222016,0.10340638,0.06930104,-4.394278,0.7106553,-0.059772097
"<1741028054342>",0.0008771909,0.9927187,0.09658657,0.07197082,-4.39541,0.716463,-0.059946805
"<1741028054375>",0.0030699635,0.99317724,0.0882539,0.07616265,-4.3970604,0.72238445,-0.06119533
"<1741028054409>",0.0040099914,0.99333763,0.08044764,0.08241544,-4.398573,0.7255675,-0.053385064
"<1741028054442>",0.0036361173,0.9931563,0.074098535,0.09020347,-4.4013004,0.7302085,-0.053396836
"<1741028054475>",0.0018585525,0.9926479,0.0689543,0.09945802,-4.404529,0.7317383,-0.043892637
"<1741028054508>",-0.0020823034,0.99184865,0.06444305,0.10990422,-4.4086175,0.7344281,-0.043954916
"<1741028054542>",-0.006876627,0.9907767,0.06115323,0.12072443,-4.4132504,0.7365279,-0.04507096
"<1741028054575>",-0.012635118,0.9892572,0.059270576,0.13303135,-4.418236,0.73809874,-0.0462626
"<1741028054609>",-0.019432437,0.98741233,0.05863897,0.14560443,-4.4231763,0.7377785,-0.036996372
"<1741028054642>",-0.026408885,0.98575217,0.058050223,0.15564503,-4.4284415,0.73878694,-0.0366918
"<1741028054675>",-0.032951027,0.9843239,0.0576767,0.16338274,-4.433582,0.73994803,-0.037383556
"<1741028054709>",-0.038100563,0.9828345,0.057587408,0.17107955,-4.437641,0.74104655,-0.021881223
"<1741028054742>",-0.041968007,0.98102397,0.05711696,0.18046649,-4.4414973,0.74196744,-0.020209491
"<1741028054775>",-0.04480908,0.97900325,0.055242706,0.19103122,-4.444775,0.7423867,-0.020589799
"<1741028054809>",-0.046753433,0.97702616,0.050180294,0.20178163,-4.4456487,0.7393216,-0.013822824
"<1741028054842>",-0.04991246,0.97446615,0.04258184,0.21473502,-4.447832,0.7383835,-0.014663578
"<1741028054875>",-0.054409552,0.9709294,0.03680765,0.23017567,-4.449919,0.7375189,-0.014903665
"<1741028054909>",-0.057662096,0.96750414,0.035690144,0.24359149,-4.452029,0.7388472,-0.015465931
"<1741028054942>",-0.058488,0.9651636,0.036496457,0.25240105,-4.454106,0.7416817,-0.016277365
"<1741028054975>",-0.057455014,0.9638229,0.038326155,0.25743988,-4.456171,0.74556196,-0.016620502
"<1741028055009>",-0.05135207,0.96360874,0.041330118,0.25906152,-4.455423,0.7482382,-0.015573934
"<1741028055042>",-0.04192103,0.96298623,0.044280857,0.2625629,-4.4561844,0.7527013,-0.014717653
"<1741028055075>",-0.033473436,0.96088314,0.046732727,0.27092257,-4.4569573,0.7568239,-0.013924509
"<1741028055108>",-0.027735544,0.95814633,0.047935333,0.28087097,-4.458745,0.7591246,-0.015209674
"<1741028055142>",-0.02392349,0.9562595,0.047295634,0.28767774,-4.4599166,0.7610997,-0.016209528
"<1741028055175>",-0.021275472,0.9552175,0.04617508,0.2915041,-4.461326,0.7624258,-0.017582074
"<1741028055209>",-0.02029912,0.9539453,0.04619413,0.2957064,-4.466619,0.76259667,-0.019004665
"<1741028055242>",-0.018218897,0.952733,0.046318606,0.29970378,-4.4688506,0.76345503,-0.020137712
"<1741028055275>",-0.015272117,0.95127624,0.046723757,0.30439618,-4.4729824,0.763958,-0.021493629
"<1741028055309>",-0.014310125,0.94876903,0.04657023,0.31219164,-4.4762115,0.7651224,-0.022446603
"<1741028055342>",-0.015259064,0.946385,0.045509655,0.31945467,-4.4789724,0.7667688,-0.023414088
"<1741028055375>",-0.017105311,0.9451136,0.044579223,0.323234,-4.482111,0.7685216,-0.024510123
"<1741028055409>",-0.020424249,0.9441087,0.04507435,0.32589844,-4.4866695,0.7686436,-0.025622472
"<1741028055442>",-0.024387937,0.94285107,0.04613504,0.3291028,-4.490479,0.76988405,-0.026344834
"<1741028055475>",-0.028742624,0.9412467,0.04762036,0.33310774,-4.4942822,0.7704418,-0.027075216
"<1741028055508>",-0.03330582,0.9392391,0.048919354,0.33812344,-4.498329,0.76817775,-0.028085321
"<1741028055542>",-0.0368671,0.93727607,0.04973483,0.34304628,-4.5017223,0.7673356,-0.029348833
"<1741028055575>",-0.039774846,0.93503237,0.050399885,0.34870064,-4.504764,0.76574886,-0.030692354
"<1741028055608>",-0.042336076,0.9323781,0.0516141,0.35526687,-4.5073466,0.7610086,-0.03184493
"<1741028055642>",-0.044994816,0.929446,0.05387611,0.36221945,-4.5102625,0.7588831,-0.033079013
"<1741028055675>",-0.048001535,0.926503,0.05609936,0.36897266,-4.513084,0.75602686,-0.033956856
"<1741028055710>",-0.05176058,0.9235225,0.058134668,0.37556267,-4.5152335,0.74829435,-0.03278652
"<1741028055742>",-0.05623246,0.9205561,0.06076231,0.38173574,-4.518418,0.7455741,-0.03347394
"<1741028055775>",-0.060535844,0.9178966,0.06437762,0.3868548,-4.5218034,0.74335116,-0.03401693
"<1741028055809>",-0.06459405,0.9154114,0.0687231,0.39131382,-4.525135,0.74100924,-0.03429328
"<1741028055842>",-0.067737475,0.9128262,0.073319025,0.39595988,-4.528163,0.73836064,-0.034236416
"<1741028055875>",-0.06928003,0.9104272,0.07800696,0.40029654,-4.527558,0.7328602,-0.033666775
"<1741028055909>",-0.06976422,0.90789527,0.082616776,0.40501052,-4.5293074,0.72929525,-0.033315837
"<1741028055942>",-0.07117421,0.90500134,0.086877406,0.41031572,-4.5311623,0.725741,-0.0330853
"<1741028055975>",-0.0735459,0.902346,0.0906535,0.41490307,-4.529422,0.7205442,-0.033138648
"<1741028056009>",-0.07637346,0.9001073,0.09472155,0.41833198,-4.5305295,0.7165201,-0.03338772
"<1741028056042>",-0.079647124,0.8977207,0.099080406,0.42182547,-4.5318685,0.71253645,-0.033609346
"<1741028056075>",-0.08375588,0.8949002,0.1041719,0.42577776,-4.5328526,0.7083839,-0.03367111
"<1741028056109>",-0.08736869,0.89190394,0.10883989,0.43014863,-4.5325236,0.70371485,-0.033726633
"<1741028056142>",-0.08923172,0.88895077,0.11446442,0.43439847,-4.533024,0.6994908,-0.03355801
"<1741028056175>",-0.09039097,0.8856258,0.12045081,0.43930385,-4.5325837,0.69420016,-0.03347726
"<1741028056209>",-0.090222396,0.8827057,0.12641111,0.44352072,-4.5323777,0.6898178,-0.033321187
"<1741028056242>",-0.08873418,0.8807875,0.13191192,0.4460256,-4.531892,0.6854819,-0.033284977
"<1741028056275>",-0.08760877,0.878221,0.13738254,0.44964266,-4.5306635,0.6812985,-0.033219367
"<1741028056309>",-0.08714614,0.87488765,0.14281845,0.45451066,-4.5298266,0.67731595,-0.033397406
"<1741028056342>",-0.087052755,0.8722299,0.1472404,0.45821062,-4.529202,0.67354524,-0.034028932
"<1741028056375>",-0.08739377,0.8704472,0.15016885,0.4605792,-4.527594,0.6700059,-0.036036804
"<1741028056409>",-0.08818099,0.86809266,0.15366472,0.46370924,-4.5271797,0.66699183,-0.03707224
"<1741028056442>",-0.08841748,0.86515385,0.15803868,0.4676696,-4.5270276,0.6644554,-0.037847325
"<1741028056475>",-0.087404445,0.86235535,0.16183919,0.4717114,-4.525091,0.66411495,-0.03952588
"<1741028056509>",-0.086686015,0.8595645,0.16516687,0.475767,-4.5245614,0.66224074,-0.04087071
"<1741028056542>",-0.08573364,0.8573099,0.16788772,0.47904393,-4.524064,0.6602855,-0.042538285
"<1741028056575>",-0.08466179,0.85451835,0.17019153,0.4833896,-4.523633,0.6580341,-0.04531221
"<1741028056609>",-0.08433726,0.8510893,0.17205733,0.4888051,-4.523215,0.6561894,-0.04770129
"<1741028056642>",-0.084292404,0.8483131,0.17362465,0.49306604,-4.5228386,0.65457284,-0.050470963
"<1741028056675>",-0.08516731,0.8454147,0.1748001,0.49745888,-4.521925,0.65259635,-0.054378152
"<1741028056709>",-0.08774895,0.8420133,0.17607664,0.50230527,-4.5219283,0.65145636,-0.057665512
"<1741028056742>",-0.09060628,0.8389378,0.17625734,0.5068601,-4.521913,0.65043044,-0.061172187
"<1741028056775>",-0.09245437,0.8362592,0.17586349,0.5110719,-4.5213623,0.64858425,-0.06541708
"<1741028056809>",-0.094393164,0.8331561,0.17646877,0.51555735,-4.5210037,0.64694023,-0.06886572
"<1741028056842>",-0.09606878,0.82957286,0.17815955,0.52042145,-4.52055,0.6450386,-0.072022006
"<1741028056875>",-0.09785756,0.82579637,0.18014021,0.525389,-4.5207033,0.6421081,-0.07564509
"<1741028056908>",-0.10026078,0.8221523,0.18211621,0.52994996,-4.5202165,0.6397737,-0.078894496
"<1741028056942>",-0.10416024,0.8186738,0.18387583,0.5339601,-4.519748,0.63745403,-0.08229757
"<1741028056975>",-0.10913159,0.8162074,0.18439837,0.5365563,-4.51884,0.63447464,-0.08630254
"<1741028057009>",-0.11526429,0.8138226,0.1851139,0.538646,-4.5181246,0.6318486,-0.09009311
"<1741028057042>",-0.120923795,0.8114076,0.18621206,0.54066634,-4.5173135,0.6294818,-0.09360859
"<1741028057075>",-0.123558216,0.8089037,0.18670453,0.54364455,-4.515786,0.6271713,-0.097059324
"<1741028057109>",-0.122788996,0.80549705,0.18703751,0.5487387,-4.5131917,0.6248299,-0.100523785
"<1741028057142>",-0.119630635,0.8012923,0.18828446,0.5551289,-4.511563,0.62337685,-0.10318357
"<1741028057175>",-0.11646711,0.7963785,0.18917267,0.56252134,-4.5097613,0.62125766,-0.106241375
"<1741028057208>",-0.114165,0.7917857,0.1891671,0.5694361,-4.509025,0.6206831,-0.1092194
"<1741028057242>",-0.11266305,0.7882754,0.18822755,0.57489055,-4.5088468,0.62077326,-0.11250661
"<1741028057275>",-0.11131385,0.7852634,0.18596058,0.5799907,-4.508824,0.6212231,-0.11618453
"<1741028057309>",-0.109719746,0.7816261,0.18356897,0.5859389,-4.508303,0.6214764,-0.12033266
"<1741028057342>",-0.108083986,0.77746767,0.18147412,0.59239256,-4.5093117,0.6224922,-0.12365216
"<1741028057375>",-0.1059759,0.77382034,0.17907135,0.59825116,-4.510827,0.6236353,-0.1268371
"<1741028057408>",-0.10393162,0.7705291,0.17712867,0.60341394,-4.5131197,0.6244625,-0.13008901
"<1741028057442>",-0.10288834,0.76692885,0.17552903,0.60862434,-4.51524,0.6261416,-0.13281177
"<1741028057475>",-0.10241054,0.76361626,0.17401046,0.61328816,-4.5167203,0.62760186,-0.13619688
"<1741028057508>",-0.102093965,0.76094055,0.17313546,0.6169038,-4.518569,0.6293669,-0.13902724
"<1741028057542>",-0.102038786,0.75817937,0.1713985,0.6207854,-4.520326,0.6312423,-0.14166924
"<1741028057575>",-0.10189439,0.7554232,0.16826351,0.6250125,-4.521504,0.6326133,-0.14476569
"<1741028057608>",-0.10152959,0.7527602,0.16631317,0.6287954,-4.5227017,0.6341486,-0.1473008
"<1741028057642>",-0.101197824,0.75018734,0.16524872,0.6321951,-4.523881,0.6355568,-0.14951365
"<1741028057675>",-0.1006371,0.74799234,0.16381066,0.6352524,-4.5239086,0.637136,-0.15242779
"<1741028057708>",-0.09973402,0.74601024,0.16227332,0.6381137,-4.524595,0.6383534,-0.15440653
"<1741028057742>",-0.09880944,0.7441105,0.16047736,0.6409236,-4.525201,0.639671,-0.15612106
"<1741028057775>",-0.098179825,0.7425746,0.1587856,0.643219,-4.525859,0.6411836,-0.1583536
"<1741028057809>",-0.09728789,0.7417551,0.15700933,0.6447344,-4.5263376,0.64300585,-0.16001648
"<1741028057842>",-0.09642947,0.7408039,0.15567209,0.6462793,-4.5268283,0.64510864,-0.16110043
"<1741028057875>",-0.09490202,0.7400234,0.15392223,0.64781696,-4.5275135,0.6474823,-0.16266033
"<1741028057909>",-0.09222426,0.7390443,0.1515389,0.64987993,-4.5276504,0.65001655,-0.16363443
"<1741028057942>",-0.08898078,0.73799974,0.14946833,0.65199536,-4.5275273,0.6527368,-0.16410807
"<1741028057975>",-0.08481754,0.7374121,0.14758886,0.6536411,-4.5272226,0.65554273,-0.16436262
"<1741028058009>",-0.0807044,0.7367406,0.14569569,0.6553416,-4.5268526,0.6583284,-0.16452794
"<1741028058042>",-0.076808855,0.7364939,0.1437083,0.65652484,-4.526523,0.66142136,-0.16471867
"<1741028058075>",-0.07338242,0.7365202,0.1419871,0.6572613,-4.526315,0.6644954,-0.16474186
"<1741028058109>",-0.07050488,0.73620677,0.13974263,0.65840757,-4.526128,0.6674969,-0.16463959
"<1741028058142>",-0.06832732,0.7358496,0.13730867,0.65954745,-4.526009,0.6708158,-0.1650222
"<1741028058176>",-0.066328846,0.7358005,0.13486402,0.6603102,-4.5252166,0.67322206,-0.1647077
"<1741028058209>",-0.06410077,0.7358964,0.13223673,0.66095454,-4.5251064,0.6763599,-0.1651349
"<1741028058242>",-0.06207885,0.7363201,0.1300624,0.6611072,-4.5252805,0.6794994,-0.16562307
"<1741028058275>",-0.059476964,0.73657733,0.12719263,0.6616178,-4.5241213,0.6820246,-0.16585076
"<1741028058309>",-0.05653302,0.7361416,0.12419712,0.6629287,-4.5241594,0.6848352,-0.16638401
"<1741028058342>",-0.05316274,0.73533744,0.121962994,0.664513,-4.5245214,0.68769467,-0.16687408
"<1741028058375>",-0.04980754,0.7339772,0.12021994,0.66659105,-4.5248127,0.6905487,-0.16727172
"<1741028058409>",-0.047125906,0.7326661,0.11821944,0.6685832,-4.524704,0.69329524,-0.16765796
"<1741028058442>",-0.04540522,0.7319761,0.116103,0.66982776,-4.525437,0.6960368,-0.1688143
"<1741028058475>",-0.04456814,0.7316063,0.113738105,0.6706933,-4.525715,0.69862545,-0.17007875
"<1741028058509>",-0.043653857,0.7306458,0.11131922,0.67220455,-4.526394,0.70123637,-0.17167154
"<1741028058542>",-0.042709697,0.7288302,0.109335124,0.67455775,-4.5274053,0.7038986,-0.17341344
"<1741028058575>",-0.041929737,0.7266703,0.10730543,0.67725736,-4.527601,0.7070346,-0.17482069
"<1741028058609>",-0.040941335,0.7246629,0.10469289,0.6798726,-4.528367,0.70996404,-0.17693526
"<1741028058642>",-0.040160313,0.7223784,0.10139136,0.6828442,-4.5290904,0.7129909,-0.1793862
"<1741028058675>",-0.03879654,0.7199552,0.09723319,0.68607926,-4.529443,0.71604514,-0.18185493
"<1741028058709>",-0.036929756,0.7176133,0.09352024,0.6891453,-4.529288,0.7191706,-0.18377239
"<1741028058742>",-0.03545994,0.71509856,0.090699285,0.6922068,-4.529626,0.7223573,-0.1861166
"<1741028058775>",-0.033940736,0.7124325,0.088458605,0.69531494,-4.5299735,0.7256321,-0.1883737
"<1741028058809>",-0.032168653,0.7103103,0.086430706,0.6978209,-4.530065,0.7289567,-0.19049415
"<1741028058842>",-0.030774847,0.708163,0.08381518,0.7003805,-4.530294,0.7322291,-0.19287476
"<1741028058875>",-0.029266668,0.7061749,0.08004665,0.70288885,-4.5301476,0.7349363,-0.19445436
"<1741028058909>",-0.027609207,0.7048462,0.075835146,0.7047542,-4.530071,0.7378588,-0.19688046
"<1741028058942>",-0.026188537,0.70332015,0.07225477,0.70670646,-4.5300965,0.74067974,-0.19922292
"<1741028058975>",-0.025466109,0.70156497,0.07007491,0.70869416,-4.5302734,0.743459,-0.20138511
"<1741028059009>",-0.025059443,0.70066804,0.06859143,0.70974034,-4.5303025,0.74631536,-0.20346847
"<1741028059042>",-0.025018767,0.7002124,0.06754937,0.71029115,-4.530449,0.74844694,-0.20563972
"<1741028059075>",-0.02553349,0.6991773,0.06642085,0.7113981,-4.53047,0.7501495,-0.20785987
"<1741028059109>",-0.024759801,0.69799936,0.06482243,0.7127284,-4.5297165,0.75130165,-0.20999795
"<1741028059142>",-0.02316312,0.69586766,0.06390431,0.714946,-4.529286,0.7520671,-0.21205205
"<1741028059175>",-0.021842213,0.69211507,0.06345814,0.71866024,-4.528954,0.75264394,-0.21397027
"<1741028059209>",-0.019999994,0.6894915,0.063002676,0.72127104,-4.528387,0.7529012,-0.21599877
"<1741028059242>",-0.018923499,0.68807685,0.06280755,0.72266674,-4.528067,0.75333375,-0.21813698
"<1741028059275>",-0.019268183,0.68669397,0.06245851,0.72400206,-4.527915,0.7536656,-0.22047551
"<1741028059309>",-0.020588633,0.6854566,0.061608065,0.72521,-4.5272818,0.75312537,-0.22282954
"<1741028059342>",-0.022093412,0.68424785,0.060029376,0.7264387,-4.5271025,0.75285566,-0.22560683
"<1741028059375>",-0.023556804,0.68203074,0.058364823,0.72861,-4.5271587,0.7523712,-0.22834006
"<1741028059409>",-0.02566857,0.6787568,0.05806425,0.73161376,-4.527723,0.7513801,-0.23051739
"<1741028059442>",-0.028090358,0.6758598,0.058725305,0.7341495,-4.5283656,0.7508924,-0.23317714
"<1741028059475>",-0.030483624,0.67344934,0.060168356,0.73614967,-4.5290403,0.75021935,-0.23600459
"<1741028059509>",-0.033298116,0.67066306,0.0620384,0.73841274,-4.5291796,0.74865603,-0.23895147
"<1741028059542>",-0.03642281,0.6669078,0.063044816,0.7415744,-4.5295153,0.7471981,-0.2423989
"<1741028059575>",-0.038639337,0.6633218,0.06294214,0.7446807,-4.5292244,0.74528587,-0.24615642
"<1741028059609>",-0.041445583,0.6592875,0.06223925,0.7481633,-4.529322,0.7432011,-0.2501841
"<1741028059642>",-0.045892615,0.65444547,0.062203676,0.7521473,-4.5300417,0.7412766,-0.2543307
"<1741028059676>",-0.051719435,0.65048367,0.06393391,0.75505525,-4.5312862,0.7396631,-0.2585639
"<1741028059709>",-0.057814255,0.6473237,0.06589438,0.7571573,-4.5327325,0.7381648,-0.26274732
"<1741028059742>",-0.063965045,0.64367425,0.06656388,0.7597112,-4.5337663,0.7361636,-0.26726356
"<1741028059776>",-0.070511885,0.64021707,0.06613047,0.7620871,-4.5344844,0.7339624,-0.27187434
"<1741028059809>",-0.076541096,0.63828284,0.065545015,0.76317775,-4.534831,0.7314143,-0.27628472
"<1741028059842>",-0.08143031,0.63654065,0.065026484,0.76417047,-4.5351534,0.7291477,-0.28023338
"<1741028059876>",-0.08513192,0.63425636,0.06579764,0.76559913,-4.535606,0.7270192,-0.2835931
"<1741028059909>",-0.087909535,0.63061893,0.0685557,0.76804405,-4.5354595,0.72492576,-0.28698787
"<1741028059942>",-0.089164086,0.62703717,0.072449125,0.7704707,-4.5360126,0.72300625,-0.28943524
"<1741028059976>",-0.09002529,0.62380064,0.07615317,0.7726375,-4.536384,0.72101426,-0.29187274
"<1741028060009>",-0.0918917,0.6200208,0.07818003,0.7752535,-4.5357127,0.7186369,-0.29531667
"<1741028060042>",-0.09423526,0.6169001,0.07882553,0.77739334,-4.535468,0.7166407,-0.2985182
"<1741028060076>",-0.09626639,0.6140632,0.07856725,0.779414,-4.5340767,0.71465564,-0.30173856
"<1741028060109>",-0.098209195,0.6100025,0.078812115,0.7823301,-4.5342054,0.7129277,-0.30490485
"<1741028060142>",-0.1005436,0.60581625,0.08107014,0.78505105,-4.535056,0.7115723,-0.3078912
"<1741028060176>",-0.102549054,0.60261226,0.08450485,0.7868932,-4.536296,0.71015114,-0.31094643
"<1741028060209>",-0.10421392,0.5991427,0.08737135,0.789008,-4.536972,0.7086314,-0.31387848
"<1741028060242>",-0.10587601,0.594924,0.089120924,0.7917784,-4.537133,0.7067648,-0.31686
"<1741028060276>",-0.10710394,0.59124476,0.09017153,0.7942464,-4.5368724,0.7044487,-0.31955484
"<1741028060309>",-0.10840357,0.5870999,0.0907143,0.7970779,-4.5364733,0.7020721,-0.32244053
"<1741028060342>",-0.110800944,0.5825561,0.09198046,0.7999319,-4.5363693,0.69986725,-0.3253262
"<1741028060376>",-0.11316468,0.5792193,0.09511211,0.801656,-4.53601,0.6974931,-0.3275816
"<1741028060409>",-0.1144161,0.57586956,0.09931615,0.80337995,-4.5360904,0.69544816,-0.32966816
"<1741028060442>",-0.115460925,0.57120323,0.10348625,0.80603105,-4.5361648,0.6934215,-0.3316429
"<1741028060476>",-0.115993775,0.5668372,0.10651954,0.80863744,-4.5361853,0.6909325,-0.33339664
"<1741028060509>",-0.11696815,0.56249404,0.106901154,0.8114745,-4.53535,0.6889225,-0.3358382
"<1741028060543>",-0.11889055,0.5589441,0.104952835,0.8138988,-4.5342426,0.68711436,-0.33869618
"<1741028060576>",-0.121755116,0.5565877,0.10402625,0.8152081,-4.5337367,0.68508255,-0.3415675
"<1741028060609>",-0.12586656,0.5535935,0.105349466,0.8164516,-4.533666,0.6836505,-0.34427395
"<1741028060642>",-0.12974373,0.55006003,0.10760031,0.81793797,-4.5336313,0.68218064,-0.3467192
"<1741028060676>",-0.13208582,0.5465061,0.10939475,0.8197054,-4.5332093,0.6808295,-0.34833786
"<1741028060709>",-0.13377243,0.54252535,0.110415004,0.82193655,-4.53209,0.6787772,-0.35034493
"<1741028060743>",-0.13452521,0.5389236,0.110556066,0.8241611,-4.530436,0.67651296,-0.35235384
"<1741028060776>",-0.1344442,0.53556293,0.11027353,0.82639986,-4.5288444,0.674592,-0.3538141
"<1741028060809>",-0.13474254,0.5314977,0.11019213,0.82898265,-4.5272713,0.67246866,-0.35587874
"<1741028060843>",-0.13610211,0.52749485,0.11153222,0.8311353,-4.526145,0.6706656,-0.3582036
"<1741028060876>",-0.13811529,0.52369857,0.11310571,0.8329892,-4.525051,0.6691383,-0.3606543
"<1741028060909>",-0.14073035,0.5199118,0.11506716,0.83465326,-4.524118,0.66765547,-0.36348906
"<1741028060943>",-0.14358763,0.5157536,0.11603702,0.8366099,-4.522868,0.6660938,-0.36661834
"<1741028060976>",-0.14591694,0.51188016,0.11554539,0.83865136,-4.521018,0.6646681,-0.36953968
"<1741028061009>",-0.14835922,0.5077891,0.11491599,0.84079367,-4.5192184,0.6631484,-0.3729248
"<1741028061043>",-0.15109442,0.5025789,0.114682704,0.8434647,-4.517612,0.66190827,-0.37640142
"<1741028061076>",-0.15458935,0.49653962,0.11549712,0.8462924,-4.51632,0.66067266,-0.37997216
"<1741028061109>",-0.15757538,0.49138772,0.11595001,0.8486835,-4.514641,0.6601578,-0.3834919
"<1741028061142>",-0.15853935,0.48694688,0.114588685,0.85124457,-4.5122366,0.65947634,-0.3868959
"<1741028061176>",-0.15932837,0.4817472,0.11191276,0.85440594,-4.509672,0.658182,-0.39060557
"<1741028061209>",-0.1605797,0.47737974,0.10918909,0.8569716,-4.5072484,0.65692186,-0.3940488
"<1741028061243>",-0.16240278,0.47392866,0.10690214,0.85882986,-4.505292,0.6557205,-0.3974633
"<1741028061276>",-0.16443512,0.47063965,0.104459375,0.8605507,-4.5042195,0.6543383,-0.40156394
"<1741028061309>",-0.16645977,0.46654445,0.10213034,0.8626684,-4.503107,0.6536443,-0.40509284
"<1741028061343>",-0.16788922,0.4621859,0.10192249,0.86475956,-4.502023,0.65352917,-0.4080457
"<1741028061376>",-0.16826384,0.45708942,0.103755444,0.8671743,-4.500765,0.65353453,-0.41070765
"<1741028061409>",-0.16677949,0.4515044,0.10550376,0.87017083,-4.4984493,0.6531019,-0.4134379
"<1741028061443>",-0.16445132,0.44568846,0.10490545,0.8736775,-4.4957957,0.6531246,-0.41597265
"<1741028061476>",-0.16213268,0.44035307,0.10291984,0.8770459,-4.4926815,0.65314555,-0.41856682
"<1741028061509>",-0.16124636,0.43461508,0.101433106,0.88023895,-4.4898343,0.65365577,-0.42145288
"<1741028061542>",-0.16131471,0.42865545,0.09995677,0.8833123,-4.487283,0.654674,-0.42451084
"<1741028061576>",-0.16089204,0.42339075,0.09802145,0.8861409,-4.485033,0.65574956,-0.42707002
"<1741028061609>",-0.16005251,0.4183494,0.096646324,0.8888343,-4.4831862,0.6566826,-0.42965627
"<1741028061642>",-0.15916601,0.413799,0.09472495,0.8913269,-4.4816303,0.6575147,-0.43204755
"<1741028061676>",-0.15801235,0.41006657,0.09108069,0.893634,-4.4795513,0.65848136,-0.4339606
"<1741028061709>",-0.15677713,0.4077965,0.087612405,0.89523566,-4.4782495,0.65959024,-0.4358107
"<1741028061743>",-0.15585087,0.4062445,0.08504175,0.8963502,-4.477442,0.6611604,-0.4373974
"<1741028061776>",-0.154616,0.40473354,0.08411722,0.89733434,-4.4769373,0.66317785,-0.4387015
"<1741028061809>",-0.15229821,0.40303597,0.08472274,0.8984371,-4.4764066,0.66542566,-0.43985587
"<1741028061843>",-0.14803389,0.401231,0.08573629,0.89986044,-4.475449,0.66784865,-0.44003797
"<1741028061876>",-0.14138548,0.39903125,0.0866495,0.90181816,-4.473727,0.6702349,-0.43975586
"<1741028061909>",-0.13386744,0.39597914,0.087197945,0.9042546,-4.471259,0.67259765,-0.43958467
"<1741028061943>",-0.12695657,0.3918487,0.088530466,0.9069172,-4.46873,0.6748941,-0.43918955
"<1741028061976>",-0.1205528,0.38664442,0.08991665,0.9098835,-4.4661045,0.6771439,-0.4390271
"<1741028062009>",-0.11468167,0.3823181,0.09017073,0.91244185,-4.463469,0.6792789,-0.43959978
"<1741028062043>",-0.10982928,0.3793579,0.089549065,0.9143336,-4.4601583,0.68115544,-0.4401604
"<1741028062076>",-0.106288075,0.3765996,0.08849076,0.9159939,-4.4569225,0.68311,-0.44115746
"<1741028062109>",-0.10248853,0.37336564,0.087087914,0.9178833,-4.453865,0.6847671,-0.44232684
"<1741028062143>",-0.099053115,0.3694898,0.08573352,0.91995406,-4.451137,0.68630266,-0.443803
"<1741028062176>",-0.096853256,0.3642907,0.08408943,0.9224102,-4.4482207,0.6880257,-0.44465363
"<1741028062209>",-0.09536637,0.35950297,0.0823219,0.92460036,-4.4455376,0.68983305,-0.4463957
"<1741028062243>",-0.09441667,0.35578138,0.08070966,0.926278,-4.4428244,0.69158864,-0.44878864
"<1741028062276>",-0.09388453,0.35147578,0.07837931,0.928174,-4.438748,0.6934365,-0.45010066
"<1741028062309>",-0.09396044,0.34756714,0.075591415,0.9298679,-4.435369,0.6948817,-0.45277005
"<1741028062343>",-0.09360896,0.34387273,0.072694294,0.9315065,-4.4317384,0.69619954,-0.45551693
"<1741028062376>",-0.092617095,0.33863202,0.069520324,0.9337651,-4.427627,0.6973283,-0.45725417
"<1741028062409>",-0.09104106,0.33278537,0.066332914,0.9362506,-4.423663,0.6983336,-0.45941567
"<1741028062443>",-0.08932731,0.32737285,0.063679144,0.9385055,-4.4199686,0.69925964,-0.4619974
"<1741028062476>",-0.088821426,0.32198048,0.061281823,0.94057626,-4.4165792,0.70014787,-0.4645052
"<1741028062509>",-0.089439504,0.31836337,0.05890121,0.9419001,-4.413273,0.7010076,-0.46672633
"<1741028062543>",-0.09018453,0.31548584,0.055376396,0.9430105,-4.4098697,0.70198464,-0.469355
"<1741028062576>",-0.08893741,0.31226745,0.050837293,0.94445467,-4.4064083,0.70264816,-0.47105914
"<1741028062609>",-0.086444676,0.30833772,0.0472803,0.9461605,-4.4033427,0.7032957,-0.47268468
"<1741028062643>",-0.08507414,0.30344415,0.04588091,0.94793403,-4.4011025,0.7041569,-0.47454512
"<1741028062676>",-0.084606834,0.2984187,0.046576574,0.94953597,-4.3989997,0.70526767,-0.47583652
"<1741028062709>",-0.08396606,0.29431283,0.047221433,0.9508416,-4.3974247,0.70616615,-0.47756326
"<1741028062743>",-0.0829274,0.2907591,0.046957053,0.9520384,-4.395616,0.7069235,-0.4792341
"<1741028062776>",-0.081919976,0.28743634,0.045954473,0.9531828,-4.392403,0.7076373,-0.48035973
"<1741028062809>",-0.08039109,0.2839867,0.045313265,0.954377,-4.3900013,0.7083081,-0.4816659
"<1741028062843>",-0.078802414,0.2798415,0.0449244,0.95575136,-4.3877244,0.70893204,-0.48296112
"<1741028062876>",-0.07700207,0.27547747,0.04476944,0.9571721,-4.385128,0.7093382,-0.48415136
"<1741028062909>",-0.075187884,0.27102235,0.044711012,0.95858985,-4.382748,0.70987153,-0.4852634
"<1741028062942>",-0.073897704,0.26764178,0.044743113,0.95963794,-4.3803296,0.71044874,-0.48632336
"<1741028062976>",-0.072607994,0.26549336,0.045354854,0.9603042,-4.378097,0.71103287,-0.48708516
"<1741028063009>",-0.07207785,0.2632163,0.046307873,0.9609253,-4.3758283,0.71156037,-0.48814136
"<1741028063043>",-0.07189782,0.26037753,0.04844352,0.9616066,-4.373769,0.71204597,-0.4893022
"<1741028063076>",-0.072059296,0.25631827,0.05052818,0.96257734,-4.371687,0.7122082,-0.49077934
"<1741028063109>",-0.071200386,0.2520768,0.052190013,0.96367204,-4.3693185,0.7123275,-0.49191827
"<1741028063143>",-0.069465175,0.24794355,0.05393426,0.96477437,-4.366752,0.7123519,-0.49281
"<1741028063176>",-0.068444245,0.24295914,0.055774737,0.96601003,-4.364199,0.7119767,-0.49351314
"<1741028063209>",-0.06779832,0.23741862,0.057386026,0.96733785,-4.361503,0.7117468,-0.49453953
"<1741028063242>",-0.06841695,0.23203693,0.058137245,0.96855456,-4.358597,0.71153605,-0.4958402
"<1741028063276>",-0.070261106,0.22764705,0.05797674,0.9694735,-4.3552027,0.7112762,-0.4966334
"<1741028063309>",-0.07322827,0.22388963,0.057402078,0.9701628,-4.3518567,0.7112515,-0.4981833
"<1741028063343>",-0.07755668,0.2195054,0.055751096,0.9709243,-4.348502,0.7113124,-0.50003153
"<1741028063376>",-0.081554025,0.21601494,0.054004572,0.97147816,-4.3449626,0.71127224,-0.50131977
"<1741028063409>",-0.08556005,0.21280472,0.052587558,0.97191983,-4.3416314,0.71113217,-0.50290483
"<1741028063443>",-0.08893008,0.20936169,0.050774533,0.9724613,-4.3383393,0.71081036,-0.5042587
"<1741028063476>",-0.09149861,0.20597608,0.048675578,0.97305316,-4.3348417,0.7097411,-0.50524837
"<1741028063509>",-0.09392707,0.20289403,0.04715149,0.97354424,-4.331921,0.7091007,-0.5059767
"<1741028063543>",-0.09566986,0.20035462,0.04641792,0.97393554,-4.329383,0.7083774,-0.50646937
"<1741028063576>",-0.09793375,0.19674633,0.04582074,0.9744743,-4.327307,0.70755374,-0.5066616
"<1741028063610>",-0.09980593,0.19355227,0.045250595,0.97495055,-4.3253703,0.7065864,-0.50691557
"<1741028063642>",-0.101295516,0.19092189,0.04467149,0.9753422,-4.323494,0.70545745,-0.50718087
"<1741028063676>",-0.10287208,0.18769456,0.044230625,0.9758236,-4.321624,0.7040207,-0.5073319
"<1741028063710>",-0.10450325,0.18482395,0.044184364,0.97620016,-4.3200917,0.7023969,-0.50760925
"<1741028063743>",-0.10687641,0.18181677,0.044078242,0.9765127,-4.318633,0.7006544,-0.5080298
"<1741028063776>",-0.11026058,0.1784087,0.043687515,0.97678256,-4.3176246,0.69857514,-0.50859344
"<1741028063809>",-0.11396751,0.17503192,0.043099612,0.97699416,-4.3161135,0.6966785,-0.50918925
"<1741028063843>",-0.117626,0.17211963,0.042501915,0.9771041,-4.314467,0.6947198,-0.50972253
"<1741028063876>",-0.121519245,0.16888978,0.04180386,0.97722137,-4.312802,0.69265056,-0.51024806
"<1741028063909>",-0.12507223,0.16563764,0.040373005,0.9773899,-4.311648,0.6903111,-0.510474
"<1741028063943>",-0.12821275,0.16251482,0.038427144,0.9775857,-4.310018,0.68791425,-0.5107187
"<1741028063976>",-0.13047718,0.15926012,0.036041453,0.9779125,-4.308484,0.68497753,-0.51094043
"<1741028064009>",-0.13171567,0.15665115,0.03339114,0.9782619,-4.306634,0.68255055,-0.5108485
"<1741028064042>",-0.13334852,0.15358658,0.031065676,0.9786031,-4.3049045,0.68031025,-0.5109259
"<1741028064076>",-0.13563834,0.15008259,0.029870767,0.97886926,-4.3030467,0.6784766,-0.5106174
"<1741028064109>",-0.13808191,0.14724642,0.030039629,0.97895324,-4.30183,0.6763703,-0.51117074
"<1741028064143>",-0.14083798,0.14362682,0.030413369,0.9790868,-4.3006926,0.6742406,-0.51204115
"<1741028064176>",-0.14440525,0.1400157,0.029880961,0.9791066,-4.3000164,0.67229474,-0.5131078
"<1741028064210>",-0.14758179,0.13816056,0.029006893,0.9789227,-4.2984166,0.67032707,-0.514084
"<1741028064243>",-0.1497848,0.1356234,0.02808266,0.97896993,-4.2966332,0.6682823,-0.5149215
"<1741028064276>",-0.15152907,0.13119264,0.026891356,0.97933865,-4.2946534,0.6660904,-0.5156434
"<1741028064309>",-0.1524735,0.12727344,0.026317744,0.9797247,-4.2929654,0.6638937,-0.5163418
"<1741028064343>",-0.15297075,0.123455025,0.026412362,0.9801332,-4.291461,0.6616905,-0.5171115
"<1741028064376>",-0.1537944,0.11866617,0.026074829,0.9806047,-4.2901487,0.6594733,-0.51791435
"<1741028064409>",-0.1548409,0.114663444,0.02573006,0.98092526,-4.2886834,0.6573266,-0.51910496
"<1741028064443>",-0.15649444,0.110502854,0.02467374,0.9811675,-4.286966,0.6554527,-0.5205455
"<1741028064476>",-0.15733574,0.10621298,0.02278207,0.9815524,-4.284793,0.6539917,-0.5217839
"<1741028064509>",-0.15846404,0.102185465,0.021763474,0.98182154,-4.2826285,0.6528007,-0.5233751
"<1741028064543>",-0.16008405,0.097932324,0.020855416,0.9820119,-4.2802258,0.651989,-0.5251988
"<1741028064576>",-0.1599956,0.09405194,0.019776745,0.98242784,-4.2771344,0.65135,-0.52658355
"<1741028064609>",-0.15898319,0.089847274,0.020239726,0.98297614,-4.27395,0.65113795,-0.52797145
"<1741028064643>",-0.1567857,0.08305206,0.020741643,0.98391575,-4.2703247,0.6512642,-0.5292662
"<1741028064676>",-0.15253508,0.07519772,0.020824363,0.985213,-4.265879,0.6515803,-0.530343
"<1741028064709>",-0.14717424,0.06738275,0.021077035,0.9865875,-4.261364,0.6522296,-0.531613
"<1741028064743>",-0.14203982,0.058746662,0.02097314,0.9878934,-4.2566886,0.65328455,-0.5333689
"<1741028064776>",-0.13785334,0.05042418,0.020673146,0.98895216,-4.252,0.65484464,-0.53557175
"<1741028064809>",-0.13411003,0.043154705,0.020134388,0.98982155,-4.247214,0.6565685,-0.53838444
"<1741028064842>",-0.13020892,0.03594401,0.018442662,0.9906631,-4.2422457,0.6584207,-0.5415161
"<1741028064876>",-0.12668948,0.029397732,0.016760156,0.99136496,-4.2374334,0.66049564,-0.54537904
"<1741028064909>",-0.1234123,0.022913208,0.0155642675,0.99196875,-4.2327795,0.66249955,-0.54948956
"<1741028064942>",-0.120528415,0.015792748,0.014558615,0.9924774,-4.2283983,0.664479,-0.55408955
"<1741028064976>",-0.11832324,0.0092666345,0.013492415,0.9928402,-4.223729,0.6663104,-0.5583958
"<1741028065009>",-0.115515,0.0026220868,0.011372465,0.9932371,-4.219322,0.668327,-0.56332874
"<1741028065042>",-0.11225593,-0.0036168715,0.009261055,0.9936296,-4.2151513,0.67027366,-0.5684165
"<1741028065076>",-0.10916621,-0.009643264,0.008129407,0.9939434,-4.2112746,0.67205757,-0.57360435
"<1741028065109>",-0.106319115,-0.01623246,0.007955691,0.9941677,-4.2080007,0.67375493,-0.57921016
"<1741028065142>",-0.102967314,-0.022971917,0.007970411,0.99438745,-4.205103,0.67525613,-0.58495903
"<1741028065176>",-0.09967813,-0.029505745,0.007948891,0.99455035,-4.2033286,0.6765562,-0.5913738
"<1741028065209>",-0.0971645,-0.03559231,0.008235339,0.99459755,-4.201022,0.67778134,-0.59747124
"<1741028065242>",-0.09606857,-0.04177399,0.008366074,0.9944625,-4.1986575,0.6789751,-0.60365903
"<1741028065276>",-0.09505476,-0.04713172,0.007908146,0.9943242,-4.195758,0.67988354,-0.60906374
"<1741028065309>",-0.09343089,-0.05139781,0.0057541803,0.99428153,-4.1928396,0.68052506,-0.6145415
"<1741028065343>",-0.091576464,-0.054290365,0.0028662088,0.9943128,-4.189832,0.68099225,-0.6197717
"<1741028065376>",-0.09009523,-0.057465233,0.00032426364,0.9942738,-4.187482,0.6813005,-0.62499946
"<1741028065409>",-0.08922716,-0.06168769,-0.0016044045,0.99409777,-4.1856475,0.68157613,-0.63023305
"<1741028065442>",-0.08747451,-0.065199055,-0.0026640187,0.9940272,-4.183584,0.68184114,-0.63504314
"<1741028065476>",-0.085264504,-0.06804815,-0.0032075725,0.99402666,-4.1813526,0.68190044,-0.63922065
"<1741028065509>",-0.08137281,-0.07031363,-0.003560145,0.994194,-4.179335,0.6817995,-0.6428628
"<1741028065542>",-0.07688072,-0.07225773,-0.003565511,0.99441206,-4.1775064,0.68169713,-0.64615935
"<1741028065576>",-0.07279671,-0.07455551,-0.0028138063,0.9945522,-4.17595,0.6815635,-0.64889836
"<1741028065609>",-0.07045417,-0.07784184,-0.001286224,0.99447227,-4.174291,0.6821234,-0.65192384
"<1741028065643>",-0.06867847,-0.08226656,0.00018411197,0.9942411,-4.1724706,0.6830294,-0.65472966
"<1741028065676>",-0.06754143,-0.086612105,0.0012630923,0.99394906,-4.170645,0.6833677,-0.65648866
"<1741028065709>",-0.06746774,-0.091064245,0.0016662544,0.9935555,-4.1682925,0.68485105,-0.65849143
"<1741028065742>",-0.06714729,-0.09515037,0.0024277058,0.9931926,-4.1658425,0.68657386,-0.6599977
"<1741028065776>",-0.065893546,-0.09969463,0.0042226394,0.9928248,-4.162818,0.6880959,-0.65985084
"<1741028065809>",-0.064607665,-0.10509291,0.007536725,0.9923328,-4.1606445,0.68953836,-0.6607021
"<1741028065842>",-0.06416105,-0.11085569,0.0115003195,0.99169654,-4.1585636,0.6910044,-0.661724
"<1741028065876>",-0.062972434,-0.1169679,0.014263838,0.9910345,-4.1558175,0.69252765,-0.6617894
"<1741028065909>",-0.06185204,-0.12297878,0.015921166,0.9903519,-4.153112,0.69406974,-0.6621958
"<1741028065942>",-0.06164278,-0.12966652,0.016874291,0.98949575,-4.15023,0.6957301,-0.66267395
"<1741028065976>",-0.061699253,-0.13717613,0.017480297,0.98846865,-4.1482143,0.6969682,-0.66148835
"<1741028066009>",-0.062363558,-0.14514072,0.018040763,0.9872787,-4.1452193,0.6984065,-0.661615
"<1741028066042>",-0.06345285,-0.15329856,0.01889394,0.98595953,-4.142131,0.69975686,-0.6616853
"<1741028066076>",-0.064330295,-0.16151398,0.020199109,0.98456424,-4.139597,0.7010169,-0.6608016
"<1741028066109>",-0.06483392,-0.17067717,0.021857616,0.9829486,-4.1369624,0.70205235,-0.65995604
"<1741028066142>",-0.06453461,-0.18118817,0.024088288,0.981033,-4.1344166,0.70289654,-0.6590484
"<1741028066176>",-0.063884296,-0.19220519,0.026863595,0.9789046,-4.1323442,0.7038764,-0.6587062
"<1741028066209>",-0.06376909,-0.20287488,0.029909682,0.97666806,-4.1304603,0.7046518,-0.6581531
"<1741028066242>",-0.0641648,-0.21324754,0.03258918,0.974344,-4.128686,0.7052407,-0.65754956
"<1741028066276>",-0.06400164,-0.22347675,0.03437673,0.9719979,-4.1273894,0.7057234,-0.65724957
"<1741028066309>",-0.06269156,-0.23370323,0.033929072,0.96969134,-4.125922,0.7061907,-0.65623254
"<1741028066342>",-0.060895335,-0.24396147,0.03183344,0.96734744,-4.1246085,0.7068889,-0.6547948
"<1741028066376>",-0.060394656,-0.25510985,0.029236194,0.9645811,-4.1244087,0.70749307,-0.652839
"<1741028066409>",-0.059749506,-0.26729533,0.0267356,0.96138877,-4.12396,0.70865166,-0.6510213
"<1741028066442>",-0.059059557,-0.2799958,0.02429296,0.9578748,-4.123727,0.70989037,-0.6491583
"<1741028066476>",-0.059327472,-0.29180485,0.021456262,0.95439494,-4.1237097,0.71102655,-0.6477493
"<1741028066509>",-0.06000835,-0.3015687,0.017723672,0.9513891,-4.1234317,0.71231675,-0.6463742
"<1741028066542>",-0.060910903,-0.30926135,0.013420305,0.9489294,-4.1229005,0.713395,-0.64518
"<1741028066576>",-0.06281439,-0.31616113,0.0077714478,0.9465918,-4.1214385,0.71435463,-0.6443564
"<1741028066609>",-0.06552202,-0.32212073,0.0013214633,0.94442743,-4.120112,0.71475613,-0.6438402
"<1741028066642>",-0.06886882,-0.32720047,-0.004655763,0.94243044,-4.119069,0.7145801,-0.64358586
"<1741028066676>",-0.07265513,-0.333041,-0.008956165,0.9400663,-4.117308,0.71382856,-0.64408636
"<1741028066709>",-0.07667821,-0.3392675,-0.011568721,0.9374882,-4.1169353,0.71271473,-0.6444121
"<1741028066742>",-0.08012072,-0.34498528,-0.013248134,0.93508834,-4.1169367,0.7112793,-0.6446141
"<1741028066776>",-0.0828137,-0.3505595,-0.014868138,0.9327534,-4.1168337,0.7097788,-0.64467
"<1741028066809>",-0.085683554,-0.35653993,-0.017237395,0.93018293,-4.116608,0.7082293,-0.6447561
"<1741028066842>",-0.089509696,-0.36240044,-0.02056887,0.92748624,-4.1163783,0.7066111,-0.64498013
"<1741028066876>",-0.09379849,-0.36737218,-0.024963787,0.92499524,-4.115636,0.705001,-0.6456648
"<1741028066909>",-0.09783693,-0.37117657,-0.029878488,0.9229101,-4.1151814,0.70332164,-0.64581054
"<1741028066943>",-0.101411715,-0.37451887,-0.03392131,0.9210323,-4.114902,0.7014432,-0.64597654
"<1741028066976>",-0.10525453,-0.37819815,-0.037110716,0.91897243,-4.1141934,0.6982643,-0.64651126
"<1741028067009>",-0.108932145,-0.3825233,-0.04014639,0.9166231,-4.113733,0.69554055,-0.6469247
"<1741028067042>",-0.11204739,-0.38660517,-0.042764258,0.914414,-4.1135736,0.6930907,-0.6470631
"<1741028067076>",-0.1150428,-0.39056823,-0.045605518,0.912218,-4.1136518,0.6892421,-0.64637935
"<1741028067109>",-0.11854634,-0.394605,-0.04903516,0.90985113,-4.1134276,0.68657017,-0.64596474
"<1741028067142>",-0.122205995,-0.3976039,-0.05257984,0.9078613,-4.113118,0.6840725,-0.64530694
"<1741028067176>",-0.12581372,-0.3999293,-0.05557951,0.9061668,-4.1135087,0.6788863,-0.6435216
"<1741028067209>",-0.1299451,-0.4032027,-0.057497453,0.90401095,-4.1134624,0.6760322,-0.642535
"<1741028067242>",-0.13443339,-0.4092573,-0.058315706,0.900575,-4.1137776,0.6720591,-0.640734
"<1741028067276>",-0.13600385,-0.41449627,-0.05860224,0.8979206,-4.1146526,0.66855603,-0.63794273
"<1741028067309>",-0.13707298,-0.42047092,-0.059200067,0.89493597,-4.115059,0.6662214,-0.63593835
"<1741028067342>",-0.137435,-0.4233343,-0.059803408,0.8934893,-4.1151834,0.66520536,-0.63488746
"<1741028067376>",-0.13842167,-0.4280674,-0.0618131,0.8909415,-4.1142807,0.66592836,-0.6316989
"<1741028067409>",-0.13995038,-0.43233055,-0.064930506,0.88841885,-4.114,0.6647041,-0.6290888
"<1741028067442>",-0.14169374,-0.43610123,-0.068271525,0.886046,-4.1137643,0.6632681,-0.6263401
"<1741028067476>",-0.14337444,-0.44019967,-0.07138138,0.88350016,-4.112538,0.6612506,-0.62213254
"<1741028067509>",-0.1446389,-0.44544545,-0.073786855,0.88046205,-4.112403,0.65944964,-0.6187484
"<1741028067543>",-0.14609918,-0.4510874,-0.07587054,0.87716514,-4.112364,0.65754986,-0.61527437
"<1741028067576>",-0.14752507,-0.4570917,-0.07829188,0.87359816,-4.112667,0.655112,-0.61157066
"<1741028067609>",-0.14845388,-0.4639491,-0.081895135,0.8694859,-4.112293,0.6526961,-0.60753185
"<1741028067643>",-0.14980936,-0.47034132,-0.086746655,0.8653387,-4.111501,0.6501652,-0.6033013
"<1741028067676>",-0.15160494,-0.4760371,-0.092491604,0.861307,-4.1108656,0.64730144,-0.5981695
"<1741028067710>",-0.15405382,-0.48127633,-0.09706412,0.8574491,-4.1099257,0.64488053,-0.59387934
"<1741028067743>",-0.15715738,-0.48660734,-0.0998473,0.85354865,-4.1091022,0.64265084,-0.58986855
"<1741028067776>",-0.16010886,-0.4924563,-0.100790516,0.8495252,-4.109302,0.6396027,-0.5857839
"<1741028067809>",-0.1620688,-0.49951044,-0.10129014,0.8449635,-4.109247,0.63736284,-0.58148336
"<1741028067843>",-0.16139457,-0.50615764,-0.101281136,0.8411291,-4.1090593,0.6357728,-0.57666826
"<1741028067876>",-0.15938148,-0.51282173,-0.10155822,0.83743495,-4.1108036,0.6333903,-0.571244
"<1741028067909>",-0.15769063,-0.51920336,-0.10273046,0.83367133,-4.110504,0.63235736,-0.5662101
"<1741028067943>",-0.15616211,-0.52452904,-0.103617474,0.8305094,-4.1099973,0.6317769,-0.5612333
"<1741028067976>",-0.15455902,-0.5305519,-0.1043453,0.82688457,-4.109623,0.63064134,-0.55571467
"<1741028068009>",-0.15306266,-0.5370243,-0.10446155,0.82296073,-4.1093163,0.6297885,-0.55015016
"<1741028068043>",-0.15259665,-0.5428666,-0.10411299,0.8192499,-4.1088,0.630152,-0.5451355
"<1741028068076>",-0.15154248,-0.54856837,-0.10401228,0.81565243,-4.1076026,0.62935376,-0.53887296
"<1741028068109>",-0.14850557,-0.5543931,-0.103710376,0.8123044,-4.106757,0.6293484,-0.5329395
"<1741028068143>",-0.14468497,-0.5603838,-0.102798864,0.8089923,-4.106004,0.6297287,-0.5274597
"<1741028068176>",-0.14120908,-0.5667521,-0.102569744,0.80519027,-4.1052985,0.6292647,-0.52186215
"<1741028068209>",-0.13846791,-0.57241106,-0.1034223,0.8015459,-4.104072,0.6287729,-0.5163615
"<1741028068243>",-0.13661908,-0.5768816,-0.10478822,0.7984749,-4.1019454,0.62901294,-0.51136845
"<1741028068276>",-0.13639534,-0.58118284,-0.10702751,0.79508984,-4.0997334,0.6288272,-0.5057723
"<1741028068309>",-0.13709307,-0.5837179,-0.10920178,0.79281384,-4.0973554,0.62881815,-0.50088143
"<1741028068343>",-0.13747473,-0.5846563,-0.11107305,0.7917957,-4.0952578,0.6284617,-0.49627066
"<1741028068376>",-0.13771202,-0.58503574,-0.11260479,0.7912576,-4.0931067,0.6266793,-0.49090803
"<1741028068409>",-0.13841473,-0.58471066,-0.10933007,0.7918343,-4.091784,0.62471104,-0.4869564
"<1741028068443>",-0.14073567,-0.5879097,-0.10409434,0.7897594,-4.0899897,0.6222896,-0.48401105
"<1741028068476>",-0.14227727,-0.5934133,-0.10268617,0.7855401,-4.0876107,0.61900544,-0.48049158
"<1741028068509>",-0.14020963,-0.5959359,-0.105841085,0.783581,-4.084419,0.6171001,-0.47641647
"<1741028068543>",-0.13780822,-0.5961699,-0.11229767,0.7829301,-4.0804954,0.61592084,-0.47220275
"<1741028068576>",-0.13848928,-0.59554315,-0.1178019,0.7824779,-4.074404,0.6139603,-0.46842992
"<1741028068609>",-0.14101793,-0.5955047,-0.119571425,0.7817868,-4.069606,0.61359704,-0.465742
"<1741028068643>",-0.14240497,-0.59743905,-0.11840485,0.7802356,-4.065218,0.6132953,-0.4633636
"<1741028068676>",-0.14276598,-0.5997083,-0.11678837,0.7786707,-4.0608335,0.6116052,-0.45862257
"<1741028068709>",-0.14347151,-0.5999668,-0.11459249,0.77866817,-4.0565267,0.61142623,-0.45569038
"<1741028068744>",-0.1447325,-0.6009231,-0.11137153,0.7781646,-4.0520473,0.61121607,-0.45296276
"<1741028068776>",-0.14624076,-0.60305476,-0.10857691,0.776627,-4.0485163,0.6097915,-0.44883353
"<1741028068809>",-0.14615843,-0.60302365,-0.10590458,0.7770356,-4.0439596,0.608497,-0.44521922
"<1741028068843>",-0.14317998,-0.60263073,-0.103805296,0.7781773,-4.039459,0.6065537,-0.44103068
"<1741028068876>",-0.13940832,-0.60439324,-0.1050179,0.77733207,-4.0333095,0.6051781,-0.4353861
"<1741028068909>",-0.1362833,-0.60624963,-0.10702176,0.7761665,-4.0284166,0.6034919,-0.43073386
"<1741028068943>",-0.13462718,-0.60792017,-0.1067554,0.77518487,-4.0242453,0.6021669,-0.42676887
"<1741028068976>",-0.13630107,-0.6118866,-0.10525923,0.7719696,-4.020868,0.6015848,-0.42303693
"<1741028069009>",-0.13959129,-0.61715734,-0.104707606,0.7672466,-4.017885,0.60192084,-0.41950768
"<1741028069043>",-0.1417229,-0.62044305,-0.10480663,0.76418614,-4.0149584,0.60283375,-0.41665214
"<1741028069076>",-0.14291129,-0.6229102,-0.10511072,0.76191264,-4.0159755,0.604777,-0.4130137
"<1741028069109>",-0.1426852,-0.62723386,-0.10536519,0.75836444,-4.0146637,0.60594815,-0.41020036
"<1741028069143>",-0.14145936,-0.6324911,-0.10535568,0.7542176,-4.0136228,0.6068161,-0.40756708
"<1741028069176>",-0.13922292,-0.63766164,-0.106022544,0.7501757,-4.0129986,0.6073674,-0.40492624
"<1741028069209>",-0.13594325,-0.6435659,-0.1075304,0.7455061,-4.013487,0.6076695,-0.40158403
"<1741028069243>",-0.13197486,-0.6496282,-0.1093058,0.74068743,-4.0137463,0.6075895,-0.39895594
"<1741028069276>",-0.12735765,-0.6569688,-0.110857055,0.734767,-4.0162044,0.6074932,-0.39714235
"<1741028069309>",-0.123833,-0.6646795,-0.112305045,0.72818536,-4.017594,0.6078675,-0.39576802
"<1741028069343>",-0.122662246,-0.6712954,-0.11381826,0.72205377,-4.0182366,0.6090915,-0.39474714
"<1741028069376>",-0.122018814,-0.67790765,-0.11531047,0.71572065,-4.021168,0.61114573,-0.39392996
"<1741028069409>",-0.119735114,-0.6853041,-0.11649718,0.7088371,-4.024577,0.61314934,-0.3931878
"<1741028069443>",-0.11768868,-0.6915186,-0.117507204,0.70295316,-4.026159,0.6145516,-0.3926067
"<1741028069476>",-0.11735334,-0.69622767,-0.119105,0.6980753,-4.027296,0.61495054,-0.39301336
"<1741028069509>",-0.11661079,-0.7006408,-0.121150345,0.6934168,-4.0284715,0.6150689,-0.39355433
"<1741028069543>",-0.11435967,-0.7054318,-0.12289887,0.6886099,-4.0300326,0.6155486,-0.39356166
"<1741028069576>",-0.1108425,-0.71014524,-0.123776756,0.68416876,-4.034214,0.6163503,-0.39446628
"<1741028069609>",-0.10727743,-0.71548575,-0.12513928,0.6789047,-4.0367064,0.61731625,-0.3947857
"<1741028069643>",-0.103763096,-0.7205365,-0.12540029,0.67404383,-4.0392523,0.6185859,-0.39520675
"<1741028069676>",-0.100109145,-0.7254918,-0.12406968,0.6695121,-4.0451965,0.6208751,-0.3972886
"<1741028069709>",-0.09619934,-0.7309359,-0.12161102,0.66459686,-4.051359,0.62313616,-0.39942318
"<1741028069743>",-0.091254406,-0.7367404,-0.11766589,0.6595763,-4.0553675,0.62436634,-0.40006682
"<1741028069776>",-0.08514484,-0.7429631,-0.11235435,0.6543184,-4.063751,0.6264318,-0.40179044
"<1741028069809>",-0.07955755,-0.7485537,-0.107029475,0.6495249,-4.0680146,0.6274855,-0.40198648
"<1741028069843>",-0.077182174,-0.7536603,-0.10276936,0.6445753,-4.071278,0.6290562,-0.40192717
"<1741028069876>",-0.07700362,-0.7586178,-0.1011555,0.6390124,-4.0759163,0.6318392,-0.4017228
"<1741028069909>",-0.07639292,-0.76226556,-0.10042683,0.63484615,-4.079777,0.634905,-0.4007247
"<1741028069943>",-0.07555534,-0.7653924,-0.09955781,0.63131124,-4.0828953,0.63786864,-0.39921653
"<1741028069976>",-0.07477358,-0.76920223,-0.098490626,0.62692606,-4.087641,0.6400949,-0.39703262
"<1741028070009>",-0.07280846,-0.77314377,-0.09557833,0.6227457,-4.0913258,0.6419983,-0.39491463
"<1741028070043>",-0.06978183,-0.7777168,-0.09194835,0.6179258,-4.094167,0.64352655,-0.39275503
"<1741028070076>",-0.06558705,-0.7834108,-0.08803776,0.61173123,-4.0981607,0.64326835,-0.38969046
"<1741028070109>",-0.06217394,-0.79021484,-0.0852724,0.60367495,-4.1006966,0.6435832,-0.38702935
"<1741028070143>",-0.0611146,-0.7966905,-0.08513054,0.59523267,-4.101837,0.64481425,-0.38453895
"<1741028070176>",-0.061096206,-0.8004684,-0.08537389,0.59010917,-4.1031423,0.6457572,-0.381661
"<1741028070209>",-0.061549064,-0.80260533,-0.08453727,0.587273,-4.104342,0.6467478,-0.37875068
"<1741028070243>",-0.06255863,-0.80574054,-0.08376457,0.58296824,-4.106144,0.64760005,-0.37581706
"<1741028070276>",-0.06279476,-0.809851,-0.08297489,0.5773328,-4.107503,0.6488606,-0.37268132
"<1741028070309>",-0.061448935,-0.813505,-0.080360144,0.57269174,-4.1091843,0.6505705,-0.36945122
"<1741028070343>",-0.05924223,-0.8171921,-0.07619976,0.56822604,-4.11125,0.6526523,-0.36632976
"<1741028070376>",-0.057199053,-0.8217864,-0.07246429,0.56226707,-4.114663,0.65530384,-0.3631896
"<1741028070409>",-0.05479606,-0.8259692,-0.06887547,0.5568017,-4.1167274,0.65811205,-0.3601152
"<1741028070443>",-0.05217925,-0.82873815,-0.06486531,0.55341,-4.1186814,0.6609399,-0.3570237
"<1741028070476>",-0.049643245,-0.8310432,-0.061412524,0.5505733,-4.1237364,0.6636238,-0.35438526
"<1741028070509>",-0.04728681,-0.83327657,-0.058570813,0.5477075,-4.125652,0.6662339,-0.35133767
"<1741028070543>",-0.04505785,-0.83546907,-0.05665871,0.5447483,-4.1270943,0.6685727,-0.3482016
"<1741028070576>",-0.043138318,-0.83654404,-0.054036044,0.5435192,-4.1303415,0.67040706,-0.3436608
"<1741028070609>",-0.041967917,-0.8380137,-0.051419422,0.54159725,-4.1324673,0.6718488,-0.33983523
"<1741028070643>",-0.04145759,-0.84031296,-0.04934697,0.5382566,-4.1336675,0.673015,-0.33636183
"<1741028070676>",-0.041467912,-0.84218156,-0.047738213,0.53547287,-4.13669,0.674785,-0.33160388
"<1741028070709>",-0.041384887,-0.8434045,-0.046864867,0.5336288,-4.137881,0.6758863,-0.32722744
"<1741028070743>",-0.041011937,-0.84438664,-0.046066064,0.53217196,-4.1389174,0.6768389,-0.32259226
"<1741028070776>",-0.04054924,-0.8456553,-0.045511685,0.530237,-4.1415043,0.6784942,-0.31610692
"<1741028070809>",-0.04033126,-0.8474591,-0.04602951,0.52732116,-4.143184,0.67978954,-0.31017822
"<1741028070843>",-0.04065833,-0.84910476,-0.046362247,0.5246126,-4.1443925,0.68084013,-0.30474114
"<1741028070876>",-0.041331924,-0.85086584,-0.04640856,0.5216944,-4.146667,0.6821443,-0.29807526
"<1741028070910>",-0.041461054,-0.8532903,-0.04669712,0.51768327,-4.148111,0.6829282,-0.29253936
"<1741028070943>",-0.04096126,-0.8555375,-0.046720065,0.5139988,-4.149745,0.68349147,-0.2871766
"<1741028070976>",-0.039249465,-0.85800767,-0.047113903,0.50996304,-4.152226,0.68363476,-0.2803641
"<1741028071010>",-0.036365032,-0.86099005,-0.048158567,0.50502896,-4.1542206,0.6840762,-0.27475655
"<1741028071043>",-0.033393785,-0.8634607,-0.049804833,0.5008389,-4.1561155,0.6847483,-0.26919138
"<1741028071076>",0.029968103,0.86585927,0.05142063,-0.4967348,-4.15813,0.68532914,-0.2633796
"<1741028071109>",0.027054828,0.8684584,0.051206563,-0.49236757,-4.1599817,0.6855736,-0.25761417
"<1741028071143>",0.025588486,0.87178093,0.050751086,-0.4865876,-4.160894,0.6860069,-0.2523829
"<1741028071176>",0.02606943,0.87489086,0.050853666,-0.4809367,-4.162141,0.6863347,-0.24741524
"<1741028071209>",0.027410805,0.8778885,0.05289901,-0.47514424,-4.164204,0.686324,-0.24251987
"<1741028071243>",0.027743189,0.88079214,0.056295298,-0.46932533,-4.165863,0.6860056,-0.23729336
"<1741028071276>",0.027998282,0.8830962,0.05994278,-0.4645039,-4.168137,0.6849272,-0.23232782
"<1741028071309>",0.029173799,0.884722,0.06333114,-0.4608741,-4.1701803,0.6844777,-0.22732276
"<1741028071343>",0.0306953,0.8866242,0.06466044,-0.45691815,-4.172335,0.6842352,-0.22260015
"<1741028071376>",0.030638954,0.8898777,0.06404646,-0.4506405,-4.177038,0.6827509,-0.21780728
"<1741028071410>",0.0291053,0.8940077,0.06293248,-0.44265395,-4.180071,0.6826483,-0.21340662
"<1741028071443>",0.0269507,0.8981083,0.062344708,-0.43449765,-4.183038,0.6828673,-0.2090993
"<1741028071476>",0.024728559,0.9019488,0.0628603,-0.42652705,-4.1871243,0.6822206,-0.2062433
"<1741028071509>",0.023071125,0.90529937,0.06358037,-0.41935456,-4.1901546,0.6823794,-0.20236625
"<1741028071543>",0.022219522,0.90853775,0.064475924,-0.41219914,-4.192915,0.6825016,-0.19853927
"<1741028071576>",0.022502149,0.91172284,0.06470814,-0.40505293,-4.1959143,0.6807459,-0.19606747
"<1741028071609>",0.023109583,0.9150335,0.064959474,-0.39744136,-4.198342,0.68023527,-0.1927886
"<1741028071643>",0.023302501,0.9178632,0.065381356,-0.39078036,-4.2007065,0.6798115,-0.18945098
"<1741028071676>",0.023382286,0.92019564,0.06607436,-0.38513288,-4.2038774,0.6791228,-0.18692535
"<1741028071709>",0.023905639,0.92235696,0.067623764,-0.3796222,-4.205662,0.67889106,-0.18375939
"<1741028071743>",0.024072532,0.92435247,0.06889043,-0.37449563,-4.207126,0.6787993,-0.1806722
"<1741028071776>",0.023732344,0.9264993,0.06971328,-0.36902002,-4.209051,0.67947495,-0.17742749
"<1741028071810>",0.023187326,0.9287159,0.070734896,-0.36324325,-4.2101445,0.6796644,-0.17459428
"<1741028071843>",0.022326702,0.9307268,0.071455926,-0.35797068,-4.2111135,0.67973775,-0.17196085
"<1741028071876>",0.022000212,0.9324787,0.07186105,-0.35332033,-4.211998,0.67880434,-0.16910939
"<1741028071910>",0.022738723,0.9341064,0.072847776,-0.34874234,-4.2122297,0.6783917,-0.1666849
"<1741028071943>",0.024162969,0.9354626,0.07489508,-0.34455267,-4.212051,0.6779666,-0.164226
"<1741028071976>",0.025553996,0.9362627,0.0774239,-0.3417083,-4.2123966,0.6769874,-0.16100255
"<1741028072010>",0.026842795,0.9366439,0.079689525,-0.34003988,-4.212151,0.67613554,-0.15838847
"<1741028072043>",0.027816616,0.93706506,0.08223446,-0.33819017,-4.2118883,0.675273,-0.15579726
"<1741028072076>",0.028133063,0.9377794,0.084886596,-0.3355181,-4.2122283,0.6744683,-0.15267284
"<1741028072109>",0.027710566,0.938919,0.08710309,-0.33177736,-4.213539,0.6737747,-0.14886522
"<1741028072143>",0.02664535,0.9403054,0.0896188,-0.3272371,-4.2148275,0.6731395,-0.14623027
"<1741028072176>",0.02482307,0.94171065,0.09238951,-0.3225352,-4.217405,0.67243934,-0.14295724
"<1741028072210>",0.023147771,0.94305074,0.094326586,-0.3181537,-4.2199645,0.6717559,-0.14029919
"<1741028072243>",0.0224737,0.94476366,0.09570097,-0.31266224,-4.222339,0.6711248,-0.1380333
"<1741028072276>",0.021560365,0.9470758,0.09683325,-0.30529627,-4.225728,0.6708822,-0.13298294
"<1741028072310>",0.020733375,0.9491635,0.097985536,-0.29842487,-4.2288613,0.6703729,-0.12944908
"<1741028072343>",0.02062016,0.9509869,0.09989243,-0.29192474,-4.2316966,0.6697805,-0.12674618
"<1741028072376>",0.020043595,0.9528336,0.10264391,-0.28490457,-4.2346306,0.669179,-0.12390341
"<1741028072409>",0.018905928,0.9543343,0.105942234,-0.278684,-4.2377195,0.66856605,-0.12091391
"<1741028072443>",0.01767802,0.9554486,0.10976688,-0.27341643,-4.2408495,0.66793215,-0.11784321
"<1741028072476>",0.016065242,0.9566827,0.11356649,-0.26758686,-4.244027,0.6672188,-0.114872955
"<1741028072510>",0.014582319,0.95793074,0.11683002,-0.26173788,-4.24722,0.6664225,-0.11212064
"<1741028072543>",0.013440935,0.95923185,0.11931005,-0.25584877,-4.2504163,0.6655731,-0.109622136
"<1741028072576>",0.0125221005,0.96085584,0.12185704,-0.24849539,-4.253448,0.66471416,-0.10720413
"<1741028072609>",0.01199548,0.9622475,0.12452378,-0.24172212,-4.2563863,0.66392493,-0.104798146
"<1741028072643>",0.011673581,0.96321154,0.12688649,-0.23661555,-4.2593403,0.6631856,-0.10245849
"<1741028072676>",0.011061767,0.9641126,0.12946595,-0.23152325,-4.2623396,0.66217923,-0.100586444
"<1741028072710>",0.010395758,0.96513206,0.13140173,-0.22615375,-4.265376,0.66095257,-0.09913804
"<1741028072743>",0.010103119,0.96622306,0.13276306,-0.22064613,-4.2682266,0.66008544,-0.0972119
"<1741028072776>",0.009801227,0.96727955,0.1343634,-0.2149898,-4.271407,0.65932745,-0.0957604
"<1741028072809>",0.009355864,0.9681624,0.13599646,-0.20994958,-4.2747784,0.65868294,-0.09448996
"<1741028072843>",0.009269165,0.96886826,0.13783756,-0.20544857,-4.27748,0.6581944,-0.09240879
"<1741028072876>",0.0095562255,0.9697939,0.13918312,-0.20009094,-4.280656,0.6565137,-0.092671454
"<1741028072910>",0.010332304,0.97088695,0.1394342,-0.19449873,-4.283124,0.65634537,-0.09094955
"<1741028072943>",0.010860198,0.9719465,0.1391124,-0.18934016,-4.2856803,0.6568011,-0.0890405
"<1741028072976>",0.010529246,0.9729407,0.13864179,-0.18453693,-4.289078,0.655859,-0.089035705
"<1741028073010>",0.0098896865,0.97391915,0.13752833,-0.18019304,-4.292264,0.6570035,-0.087440975
"<1741028073043>",0.009415843,0.97506666,0.13572378,-0.17531474,-4.2954664,0.6584431,-0.08585076
"<1741028073076>",0.00916902,0.9762232,0.13415599,-0.17001857,-4.2986455,0.65991104,-0.08433361
"<1741028073110>",0.008894575,0.9771914,0.13282229,-0.16545711,-4.301903,0.6613432,-0.08293605
"<1741028073143>",0.008472689,0.9781042,0.13130349,-0.16124415,-4.3052187,0.6626509,-0.08171443
"<1741028073176>",0.008087141,0.97899884,0.13002014,-0.1568136,-4.3084526,0.66383016,-0.080592945
"<1741028073210>",0.008339575,0.9797608,0.12894323,-0.15288122,-4.3114777,0.6649127,-0.07957949
"<1741028073243>",0.009108835,0.9805243,0.12783664,-0.14881794,-4.314277,0.66590476,-0.07866972
"<1741028073276>",0.009713798,0.98135304,0.126512,-0.14438294,-4.319811,0.6634861,-0.078804195
"<1741028073310>",0.010364752,0.9821069,0.12522586,-0.14027469,-4.323663,0.6628099,-0.07845217
"<1741028073343>",0.010869096,0.9828004,0.12398697,-0.13642702,-4.3263702,0.6633493,-0.07771072
"<1741028073376>",0.010937028,0.9834511,0.122897394,-0.13266669,-4.329318,0.6598848,-0.079409614
"<1741028073410>",0.01088634,0.98397464,0.122039504,-0.12954395,-4.3319077,0.6588031,-0.07964748
"<1741028073443>",0.010198772,0.9844346,0.12168162,-0.1264041,-4.334318,0.6593584,-0.07886049
"<1741028073476>",0.009250954,0.9848512,0.12112354,-0.123739876,-4.3366537,0.660061,-0.078054905
"<1741028073510>",0.008993246,0.98519355,0.12056293,-0.12156159,-4.3387175,0.66075826,-0.077265024
"<1741028073530>",0.0089716315,0.98537344,0.12040282,-0.12025687,-4.3396573,0.6610986,-0.076869026
"<1741028073576>",0.008726137,0.9861339,0.11896488,-0.115373835,-4.342463,0.65936476,-0.078933366
"<1741028073610>",0.008846576,0.9861205,0.11911135,-0.11532772,-4.3440695,0.6596852,-0.078119606
