"<1740975993786>",-0.047624443,0.7427952,0.08472581,0.66242623,-0.49606,0.2740894,0.15440553
"<1740975993806>",-0.048675533,0.7430026,0.08439047,0.6621601,-0.4958645,0.2746706,0.15398389
"<1740975993855>",-0.047612656,0.7420516,0.083098084,0.66346586,-0.49413413,0.2748994,0.1535646
"<1740975993889>",-0.045082536,0.74112546,0.0824819,0.6647535,-0.4925971,0.27479866,0.15356803
"<1740975993922>",-0.04311111,0.7402786,0.082417585,0.665835,-0.49234307,0.27522573,0.15396383
"<1740975993955>",-0.042254996,0.7399074,0.08252187,0.6662894,-0.49146867,0.27544832,0.15392424
"<1740975993988>",-0.042567562,0.7400349,0.082332976,0.6661513,-0.49180368,0.2758335,0.15386951
"<1740975994022>",-0.043561365,0.7403207,0.0817357,0.66584295,-0.49256235,0.27626806,0.15373254
"<1740975994055>",-0.04456659,0.74040794,0.0809123,0.66578,-0.49184936,0.2765337,0.15320829
"<1740975994089>",-0.044872437,0.74035,0.08051125,0.66587245,-0.49436194,0.27653742,0.15349026
"<1740975994122>",-0.044521365,0.73982465,0.0807907,0.66644585,-0.49501896,0.27655753,0.15361527
"<1740975994155>",-0.043597132,0.73946625,0.080963045,0.66688365,-0.49423504,0.27655533,0.1534782
"<1740975994189>",-0.042610902,0.7390654,0.08105127,0.6673808,-0.49322397,0.2764963,0.1532558
"<1740975994222>",-0.041940715,0.738214,0.08104441,0.6683657,-0.4952777,0.27638158,0.15359735
"<1740975994255>",-0.04207253,0.7372293,0.081057176,0.66944194,-0.49485934,0.27628413,0.15334454
"<1740975994289>",-0.04215304,0.7369552,0.08144203,0.6696918,-0.4941674,0.27618572,0.1529826
"<1740975994322>",-0.04194607,0.7365253,0.08180907,0.67013294,-0.4947809,0.27649724,0.15282251
"<1740975994355>",-0.041949477,0.73534137,0.08196301,0.6714129,-0.4941578,0.27641523,0.15242517
"<1740975994389>",-0.04171972,0.7342525,0.08189174,0.67262644,-0.493244,0.2762839,0.15187104
"<1740975994422>",-0.04167923,0.7330791,0.08162768,0.67393965,-0.49344444,0.27695617,0.15103972
"<1740975994455>",-0.04179401,0.73192346,0.08129532,0.67522746,-0.49257088,0.2770612,0.1501597
"<1740975994489>",-0.042004496,0.73044425,0.08097909,0.6768523,-0.491556,0.27710354,0.14916554
"<1740975994522>",-0.04210039,0.72875744,0.081116945,0.6786457,-0.49181485,0.27792466,0.1478054
"<1740975994555>",-0.042133633,0.7269778,0.08118046,0.6805421,-0.4908988,0.27805808,0.14646429
"<1740975994589>",-0.042186085,0.72477466,0.08116808,0.6828862,-0.4913963,0.27892244,0.144187
"<1740975994622>",-0.04255155,0.7221477,0.080951,0.6856667,-0.49094933,0.27934387,0.14205104
"<1740975994655>",-0.0431214,0.7197718,0.080430195,0.68818605,-0.48977458,0.27945918,0.13986154
"<1740975994689>",-0.04404132,0.7170632,0.0802139,0.69097483,-0.48850402,0.27956995,0.13746718
"<1740975994722>",-0.044322796,0.7141585,0.07997914,0.69398576,-0.4906052,0.27962413,0.13525675
"<1740975994755>",-0.04444002,0.71057117,0.080018185,0.6976465,-0.48966444,0.2796024,0.13262226
"<1740975994789>",-0.044480894,0.7066971,0.08009129,0.70155954,-0.4883111,0.2795299,0.12978965
"<1740975994822>",-0.044489436,0.7028227,0.08039302,0.70540607,-0.49156982,0.28011727,0.12727584
"<1740975994855>",-0.044832192,0.6983255,0.07999671,0.70988166,-0.490708,0.2799905,0.12412368
"<1740975994889>",-0.045881454,0.6938444,0.079712726,0.7142272,-0.49323016,0.28033504,0.12085823
"<1740975994922>",-0.046697836,0.68973505,0.07972765,0.71814215,-0.4936831,0.28037673,0.11755241
"<1740975994955>",-0.047181427,0.6850925,0.07996582,0.7225147,-0.4927044,0.28019568,0.11434366
"<1740975994989>",-0.047190722,0.6800011,0.08062861,0.7272348,-0.4914888,0.28003293,0.11121663
"<1740975995022>",-0.047245383,0.67488825,0.0809064,0.73194784,-0.49231982,0.2803631,0.108437546
"<1740975995055>",-0.04752867,0.6699095,0.08035703,0.7365493,-0.49105972,0.28039026,0.10517049
"<1740975995089>",-0.04750851,0.66523445,0.07933754,0.74088556,-0.48921716,0.28037518,0.101791784
"<1740975995122>",-0.047742262,0.65987647,0.078881316,0.74569523,-0.48887897,0.28099295,0.0985147
"<1740975995155>",-0.04806732,0.6544622,0.078443475,0.7504766,-0.4873045,0.28121942,0.09527173
"<1740975995189>",-0.048492894,0.64970684,0.07804176,0.7546116,-0.4855078,0.28148174,0.091991656
"<1740975995222>",-0.049309,0.64460117,0.077656224,0.75896466,-0.48500538,0.28201705,0.08811832
"<1740975995255>",-0.049658112,0.63906157,0.076938234,0.7636849,-0.48311698,0.2823935,0.0847466
"<1740975995289>",-0.049881373,0.63353777,0.07577858,0.76837444,-0.48083904,0.2827695,0.08135071
"<1740975995322>",-0.050345577,0.6280671,0.074190326,0.7729765,-0.4800408,0.2832238,0.077642485
"<1740975995355>",-0.050861806,0.6224422,0.07328035,0.77756584,-0.47788578,0.28366703,0.07420209
"<1740975995389>",-0.051432688,0.6168379,0.07314817,0.7819941,-0.47754198,0.28457654,0.07042473
"<1740975995422>",-0.052106217,0.61100215,0.07325996,0.7865076,-0.47568494,0.2852003,0.06712233
"<1740975995455>",-0.052570447,0.6055099,0.074029006,0.79064137,-0.47366107,0.28585988,0.06396687
"<1740975995489>",-0.05235526,0.60024446,0.074369065,0.7946286,-0.4714102,0.28651434,0.06088407
"<1740975995522>",-0.051866464,0.5941187,0.07422806,0.79926395,-0.47118825,0.28742868,0.056806237
"<1740975995555>",-0.05124299,0.58732885,0.07331886,0.80438995,-0.4689607,0.28797412,0.05360322
"<1740975995589>",-0.050560415,0.58128136,0.07190131,0.80894107,-0.4663492,0.28839386,0.050442066
"<1740975995622>",-0.050522357,0.57526946,0.07079978,0.8133264,-0.46506557,0.28866717,0.04693229
"<1740975995655>",-0.050735023,0.5690862,0.06969685,0.8177463,-0.46268898,0.288975,0.043706506
"<1740975995689>",-0.050971173,0.5630594,0.068431996,0.82199943,-0.46010488,0.28923452,0.04051507
"<1740975995722>",-0.0510822,0.5569959,0.06725776,0.82620966,-0.4582541,0.2897322,0.03687194
"<1740975995755>",-0.0510314,0.55023766,0.06626134,0.830809,-0.4557619,0.28997493,0.0337126
"<1740975995789>",-0.051207524,0.5434126,0.06573808,0.83531964,-0.45334655,0.29050472,0.029397063
"<1740975995822>",-0.05153149,0.5367884,0.06545679,0.83959395,-0.4508662,0.29085514,0.026109632
"<1740975995855>",-0.052218463,0.53034973,0.06507914,0.84366286,-0.44826072,0.29123896,0.022935234
"<1740975995889>",-0.052941732,0.5239476,0.064521134,0.8476515,-0.44525665,0.29161078,0.019077623
"<1740975995922>",-0.05335019,0.5168461,0.063876726,0.8520231,-0.4421917,0.2919455,0.0159803
"<1740975995955>",-0.05291223,0.51037264,0.063815065,0.8559483,-0.43888468,0.2922821,0.013187677
"<1740975995989>",-0.052032713,0.5034482,0.06413319,0.86006933,-0.43545014,0.29265246,0.010576993
"<1740975996022>",-0.050970245,0.49553803,0.06436547,0.8646971,-0.43216342,0.29294255,0.0074384827
"<1740975996055>",-0.04982671,0.4882779,0.06435359,0.86888456,-0.42836958,0.29327425,0.0046941508
"<1740975996089>",-0.049002495,0.48162138,0.06411939,0.8726558,-0.42432153,0.29366136,0.0019226149
"<1740975996122>",-0.04844525,0.47425142,0.06355801,0.87675476,-0.4207058,0.29414022,-0.0017950237
"<1740975996155>",-0.047693897,0.4666349,0.06283947,0.88092464,-0.4167577,0.2945488,-0.0048646703
"<1740975996189>",-0.04733378,0.45922944,0.06187858,0.8848948,-0.4128462,0.2949908,-0.007959366
"<1740975996222>",-0.04802901,0.4520698,0.060896344,0.88860434,-0.40903664,0.29579794,-0.011370856
"<1740975996255>",-0.04853069,0.44555414,0.0601833,0.8919104,-0.40534836,0.29643276,-0.014456354
"<1740975996289>",-0.048996855,0.438945,0.05930693,0.8952146,-0.40163392,0.29706362,-0.017356768
"<1740975996322>",-0.049220923,0.43215293,0.057873785,0.89859426,-0.3971789,0.29817706,-0.02080068
"<1740975996355>",-0.049526103,0.42526722,0.056158096,0.90196514,-0.39305764,0.29882807,-0.023440968
"<1740975996389>",-0.04927379,0.41903064,0.054935236,0.9049682,-0.38907176,0.29950154,-0.026418477
"<1740975996422>",-0.04874853,0.41267696,0.054610047,0.90793115,-0.3852358,0.29998946,-0.028633885
"<1740975996455>",-0.048406247,0.40556452,0.05503435,0.9111231,-0.3815882,0.30030924,-0.030295199
"<1740975996489>",-0.04790915,0.39886928,0.05521411,0.9140893,-0.377828,0.30053502,-0.031711042
"<1740975996522>",-0.046899788,0.3930501,0.055731792,0.91662747,-0.3739267,0.3009447,-0.0346846
"<1740975996555>",-0.045697376,0.38631818,0.05702059,0.91946644,-0.37027282,0.30111083,-0.036149874
"<1740975996589>",-0.04435223,0.37885484,0.057942327,0.92257494,-0.366635,0.30123302,-0.037560318
"<1740975996622>",-0.043130066,0.37211582,0.058328275,0.9253471,-0.36165416,0.30167374,-0.04021352
"<1740975996655>",-0.04259454,0.3657478,0.05853817,0.92789406,-0.35777414,0.30193406,-0.04234138
"<1740975996689>",-0.042977326,0.35893482,0.058613997,0.93052834,-0.3541162,0.30226842,-0.044713274
"<1740975996722>",-0.043790396,0.35231528,0.057930134,0.9330597,-0.3497693,0.30299342,-0.048016727
"<1740975996755>",-0.044450507,0.34573144,0.056514144,0.9355747,-0.3458792,0.30342364,-0.050814405
"<1740975996789>",-0.0452157,0.33841544,0.05522957,0.93828577,-0.34209815,0.30378592,-0.053556357
"<1740975996822>",-0.046015464,0.3311883,0.054315045,0.9408755,-0.33950377,0.30415156,-0.058136597
"<1740975996855>",-0.046679758,0.32395613,0.053338002,0.94341314,-0.33588392,0.30426928,-0.061027125
"<1740975996889>",-0.04796732,0.31614742,0.052407973,0.9460461,-0.33316493,0.30457565,-0.06524871
"<1740975996922>",-0.049221177,0.30873868,0.051754124,0.9484614,-0.32960683,0.30467892,-0.06807019
"<1740975996955>",-0.050435465,0.30137008,0.051247407,0.95079225,-0.32592484,0.3047204,-0.07058
"<1740975996989>",-0.051405374,0.29370254,0.051049538,0.95314753,-0.3221982,0.3047052,-0.07288076
"<1740975997022>",-0.052364163,0.28573665,0.05145774,0.9554918,-0.31971544,0.304763,-0.07675987
"<1740975997055>",-0.05305325,0.27778313,0.05191803,0.95777154,-0.31619972,0.30470467,-0.07910304
"<1740975997089>",-0.053240594,0.2699371,0.05195528,0.96,-0.31233996,0.30452225,-0.08105004
"<1740975997122>",-0.05373937,0.26187637,0.05257318,0.9621688,-0.30979502,0.30456826,-0.08599044
"<1740975997155>",-0.054386497,0.25332505,0.052818116,0.9644059,-0.3061561,0.30435768,-0.08837386
"<1740975997189>",-0.055333886,0.2455247,0.052617494,0.96637833,-0.30231237,0.3040543,-0.09052203
"<1740975997222>",-0.056848634,0.23833828,0.05230734,0.96810484,-0.2997381,0.3037578,-0.093661934
"<1740975997256>",-0.058768317,0.23092544,0.051618382,0.9698222,-0.29611576,0.3033522,-0.09593472
"<1740975997289>",-0.06040496,0.2239794,0.051213447,0.971371,-0.29242676,0.30282268,-0.09797676
"<1740975997322>",-0.06152077,0.21700078,0.051116817,0.9728889,-0.2899105,0.3024211,-0.09933744
"<1740975997356>",-0.06272956,0.20933796,0.050858542,0.9745029,-0.286527,0.30177188,-0.10096919
"<1740975997389>",-0.063779384,0.20255028,0.050349183,0.9758947,-0.28360826,0.30080494,-0.102381855
"<1740975997422>",-0.06513641,0.19574504,0.050279453,0.9771965,-0.28056705,0.29983586,-0.10372343
"<1740975997456>",-0.06650917,0.18931636,0.050416034,0.9783629,-0.27743635,0.29885778,-0.10495437
"<1740975997489>",-0.06842752,0.18340994,0.050519977,0.97934985,-0.27505952,0.2980065,-0.106422216
"<1740975997522>",-0.07023518,0.17786194,0.04962766,0.98029035,-0.27218604,0.29689696,-0.107648805
"<1740975997555>",-0.07245916,0.17225151,0.048454534,0.98118865,-0.26914465,0.29562455,-0.10873537
"<1740975997589>",-0.0747822,0.16764428,0.047929212,0.9818379,-0.26625437,0.2943197,-0.109691456
"<1740975997622>",-0.076806046,0.163012,0.047824565,0.98246664,-0.26475942,0.2932884,-0.110405356
"<1740975997655>",-0.07884185,0.15778098,0.048075933,0.98314685,-0.2626689,0.2919804,-0.11120461
"<1740975997689>",-0.0806525,0.15317361,0.048761036,0.98369473,-0.26051244,0.29061887,-0.11193811
"<1740975997722>",-0.08247667,0.14849234,0.04908409,0.984245,-0.25962377,0.28963816,-0.11290391
"<1740975997755>",-0.084167495,0.14379206,0.048981484,0.98480475,-0.25780904,0.2883437,-0.113668576
"<1740975997789>",-0.085464,0.13915892,0.0490038,0.98535734,-0.25581688,0.2870259,-0.11435951
"<1740975997822>",-0.08706992,0.13417104,0.049276814,0.98589486,-0.25510144,0.28656211,-0.11625519
"<1740975997856>",-0.08848881,0.12937321,0.049829934,0.9863818,-0.25352556,0.2856703,-0.117317736
"<1740975997889>",-0.08999563,0.12460364,0.050244886,0.9868384,-0.25240663,0.28530923,-0.11963539
"<1740975997922>",-0.09157786,0.11994076,0.05038041,0.9872636,-0.25071657,0.28477135,-0.12115049
"<1740975997955>",-0.092794806,0.11554294,0.050038386,0.98769176,-0.24846148,0.28409547,-0.12195499
"<1740975997989>",-0.093934216,0.110489,0.04903714,0.9882124,-0.2458993,0.28343657,-0.12256906
"<1740975998022>",-0.09484949,0.10568185,0.04822919,0.9886905,-0.24453916,0.28357345,-0.12589467
"<1740975998056>",-0.095496416,0.10039028,0.047370218,0.989221,-0.24184863,0.28299496,-0.12665723
"<1740975998089>",-0.096275344,0.09493461,0.047311787,0.9896868,-0.23923303,0.28276193,-0.12772855
"<1740975998122>",-0.097384125,0.08976722,0.047821186,0.99003595,-0.23650955,0.28228185,-0.1284597
"<1740975998155>",-0.098077826,0.08479238,0.04800237,0.9903972,-0.23351447,0.28158653,-0.12880631
"<1740975998189>",-0.098431714,0.07975187,0.04793642,0.99078393,-0.2303427,0.28080007,-0.12897578
"<1740975998222>",-0.09914484,0.07416162,0.047268935,0.99117905,-0.22732046,0.2807087,-0.12963045
"<1740975998255>",-0.10013513,0.068424255,0.046297338,0.9915379,-0.22406778,0.28012395,-0.12997653
"<1740975998289>",-0.10137876,0.06348758,0.045841396,0.99176115,-0.22085442,0.2796199,-0.13031816
"<1740975998322>",-0.10247762,0.05859209,0.045398667,0.9919698,-0.21771589,0.2795962,-0.1309029
"<1740975998355>",-0.10275808,0.05300517,0.044798777,0.99228233,-0.21452245,0.27937466,-0.13103215
"<1740975998389>",-0.10255239,0.04692212,0.04422766,0.9926354,-0.21133669,0.2792345,-0.13094245
"<1740975998422>",-0.10260013,0.04070641,0.043490805,0.9929374,-0.20831715,0.2795333,-0.1317486
"<1740975998456>",-0.10294859,0.03458557,0.04218272,0.99318975,-0.20502602,0.27962196,-0.13163446
"<1740975998489>",-0.10279994,0.029370347,0.04106576,0.9934199,-0.20166224,0.2796533,-0.13119525
"<1740975998522>",-0.103110835,0.022928176,0.04075211,0.99357015,-0.19874628,0.2798219,-0.13175315
"<1740975998556>",-0.10329433,0.01608236,0.040693622,0.99368787,-0.19553976,0.2799234,-0.1313388
"<1740975998589>",-0.10267957,0.009709853,0.0402472,0.99385244,-0.19206321,0.27997312,-0.1304719
"<1740975998622>",-0.10226985,0.0025033979,0.039853334,0.99395484,-0.1880826,0.28046378,-0.1304198
"<1740975998655>",-0.101725966,-0.005217778,0.0398379,0.99400073,-0.1842933,0.2807849,-0.12948419
"<1740975998689>",-0.100787684,-0.012969597,0.03959241,0.99403524,-0.18034932,0.28123134,-0.12834395
"<1740975998722>",-0.09974426,-0.020567665,0.03909248,0.9940321,-0.17552496,0.28201702,-0.12745649
"<1740975998756>",-0.0988189,-0.028599894,0.03773454,0.9939783,-0.1710689,0.28272837,-0.12630957
"<1740975998789>",-0.09796936,-0.03652114,0.03567585,0.99387896,-0.16650274,0.28342506,-0.12505327
"<1740975998822>",-0.09702527,-0.04368349,0.03351892,0.9937576,-0.16109076,0.2842419,-0.124880776
"<1740975998856>",-0.09614734,-0.05155422,0.03171538,0.99352497,-0.15652886,0.28478482,-0.12373404
"<1740975998889>",-0.09571977,-0.059824634,0.030826177,0.99313056,-0.15233769,0.28520903,-0.12256708
"<1740975998922>",-0.095403194,-0.06719295,0.030538755,0.99269867,-0.14788607,0.28551123,-0.122200936
"<1740975998956>",-0.09550575,-0.074516535,0.030729568,0.99216,-0.14400704,0.2857834,-0.12110117
"<1740975998989>",-0.095438264,-0.08223067,0.030542595,0.9915628,-0.14019035,0.28605407,-0.11975863
"<1740975999022>",-0.09503741,-0.089522876,0.029873924,0.99098986,-0.1356373,0.28694353,-0.118730575
"<1740975999056>",-0.09492826,-0.096912116,0.029019078,0.9903305,-0.13167265,0.2873312,-0.11714633
"<1740975999089>",-0.09471939,-0.10394535,0.028296914,0.98965794,-0.12783957,0.2876533,-0.1154209
"<1740975999122>",-0.09460836,-0.11066982,0.028291203,0.98893934,-0.12339001,0.28813165,-0.114081316
"<1740975999156>",-0.094517745,-0.11816104,0.028241295,0.98808235,-0.11969101,0.2885425,-0.1124734
"<1740975999189>",-0.09431556,-0.12520783,0.027483046,0.98725486,-0.11606789,0.2889884,-0.110762
"<1740975999222>",-0.09388586,-0.13068046,0.02676986,0.986606,-0.11198945,0.28996032,-0.10936512
"<1740975999255>",-0.0936239,-0.13707791,0.026604889,0.9857669,-0.108698495,0.29050815,-0.10791206
"<1740975999289>",-0.09331092,-0.1436497,0.026563315,0.9848615,-0.105600014,0.29092282,-0.106440775
"<1740975999322>",-0.09271534,-0.14990368,0.02518231,0.9840216,-0.10145906,0.29116637,-0.10536118
"<1740975999356>",-0.092988946,-0.15551217,0.022710707,0.9831852,-0.09799438,0.29140344,-0.10364187
"<1740975999389>",-0.094102375,-0.15972751,0.020216934,0.9824577,-0.093677625,0.2918112,-0.102699354
"<1740975999422>",-0.09521266,-0.16453993,0.01846538,0.98159057,-0.090342656,0.29210046,-0.100978985
"<1740975999456>",-0.09592782,-0.16995803,0.01843322,0.9805979,-0.08739188,0.2922154,-0.09920979
"<1740975999489>",-0.09664103,-0.17663139,0.019337708,0.9793303,-0.084630325,0.29208484,-0.097518966
"<1740975999522>",-0.09724499,-0.18325813,0.019961476,0.9780395,-0.08089207,0.29197788,-0.09702528
"<1740975999556>",-0.0974558,-0.18987785,0.01936641,0.97676694,-0.07755363,0.2915694,-0.09511729
"<1740975999589>",-0.09723741,-0.19684435,0.017279651,0.97544783,-0.073906474,0.29117262,-0.09275919
"<1740975999622>",-0.09687706,-0.20357867,0.014933262,0.97413933,-0.069293216,0.2907737,-0.09214173
"<1740975999656>",-0.096813284,-0.21111418,0.013202073,0.9725655,-0.06534198,0.29042047,-0.08995129
"<1740975999689>",-0.09684376,-0.21923442,0.011934078,0.9707806,-0.061541177,0.29001287,-0.087734014
"<1740975999722>",-0.09770368,-0.22740404,0.011450451,0.96881896,-0.05676404,0.28911054,-0.08830339
"<1740975999756>",-0.09934577,-0.23535599,0.0114597585,0.9667505,-0.052973054,0.28867564,-0.086699314
"<1740975999789>",-0.10003368,-0.24351852,0.0107814185,0.9646635,-0.0493352,0.28816116,-0.08448379
"<1740975999822>",-0.100167505,-0.25186992,0.009575196,0.9625156,-0.045377277,0.28803015,-0.08240848
"<1740975999856>",-0.10063507,-0.25994787,0.008941888,0.9603227,-0.041930016,0.2875414,-0.08008968
"<1740975999889>",-0.10249768,-0.26797202,0.008732351,0.957919,-0.037893616,0.28740188,-0.07816276
"<1740975999922>",-0.10404051,-0.27522504,0.008554246,0.9556953,-0.03478999,0.28715876,-0.07583135
"<1740975999956>",-0.10490498,-0.28214008,0.0090449145,0.95357746,-0.0320802,0.28694615,-0.073221214
"<1740975999989>",-0.105247565,-0.2900557,0.009990029,0.9511523,-0.029657884,0.28686407,-0.07043069
"<1740976000022>",-0.10462733,-0.29818618,0.010949907,0.94869286,-0.02693217,0.28681487,-0.067858964
"<1740976000056>",-0.10356801,-0.30636075,0.011844173,0.9461905,-0.024759242,0.28691372,-0.06462056
"<1740976000089>",-0.10250585,-0.3143201,0.012852302,0.94367903,-0.022206284,0.2870133,-0.061752424
"<1740976000122>",-0.10211066,-0.32248223,0.014073254,0.9409466,-0.019967623,0.28713107,-0.058791175
"<1740976000156>",-0.10202352,-0.33090195,0.015216932,0.93801033,-0.017940857,0.2872496,-0.0556901
"<1740976000189>",-0.1020719,-0.338584,0.015974682,0.935247,-0.015436765,0.28776217,-0.052424133
"<1740976000222>",-0.10229121,-0.34586635,0.016005026,0.9325538,-0.013013845,0.28807396,-0.048955668
"<1740976000256>",-0.10215228,-0.35318094,0.015414785,0.92983353,-0.010644027,0.28818572,-0.04525665
"<1740976000289>",-0.10225584,-0.3606662,0.015164159,0.92694855,-0.008221647,0.28825426,-0.04149434
"<1740976000322>",-0.1026008,-0.36854738,0.014871683,0.9238099,-0.005512624,0.28902403,-0.03757036
"<1740976000356>",-0.10263904,-0.37662894,0.014199668,0.920551,-0.0028329296,0.2892564,-0.033532433
"<1740976000389>",-0.10248798,-0.38440707,0.013912262,0.9173515,0.0008171834,0.2895595,-0.029680055
"<1740976000422>",-0.10268054,-0.39320767,0.013657371,0.9135961,0.0037024645,0.28983587,-0.025588945
"<1740976000456>",-0.10269873,-0.40185842,0.013187991,0.90982896,0.0064861923,0.2901244,-0.021304652
"<1740976000489>",-0.101985656,-0.41001663,0.012032089,0.9062783,0.009773983,0.29056275,-0.017184608
"<1740976000522>",-0.10181047,-0.41782087,0.010893234,0.90274113,0.01276988,0.29093722,-0.012912035
"<1740976000556>",-0.10202132,-0.42640898,0.00963586,0.89870685,0.015517617,0.29124916,-0.008608488
"<1740976000589>",-0.101244375,-0.4345542,0.008233035,0.8948991,0.01793564,0.29192924,-0.0039996654
"<1740976000622>",-0.10050642,-0.44223982,0.0072649596,0.891218,0.020208664,0.29226118,0.0005230084
"<1740976000656>",-0.10008858,-0.44988,0.006630655,0.887438,0.022384463,0.29244286,0.0047749653
"<1740976000689>",-0.100072585,-0.45724115,0.006342416,0.8836717,0.024477866,0.29261604,0.00874953
"<1740976000722>",-0.100608,-0.4643823,0.0056871683,0.87988335,0.028027475,0.29303968,0.012207419
"<1740976000756>",-0.100861125,-0.47091082,0.0043926705,0.876385,0.030357983,0.29329017,0.015857093
"<1740976000789>",-0.10108668,-0.4768483,0.002569681,0.8731497,0.032437798,0.2935248,0.019579709
"<1740976000822>",-0.10099383,-0.48239222,0.0008735418,0.87011325,0.03500414,0.29366112,0.022127062
"<1740976000856>",-0.1005676,-0.48804715,-0.0004280713,0.8670039,0.036699098,0.29377064,0.025680188
"<1740976000889>",-0.10006088,-0.49408767,-0.0013006538,0.8636339,0.04032119,0.29327253,0.027942754
"<1740976000922>",-0.09990843,-0.5002937,-0.0017568069,0.8600705,0.041986696,0.29315144,0.031108571
"<1740976000956>",-0.09967461,-0.5059654,-0.0021197873,0.8567727,0.043403365,0.29303893,0.034353275
"<1740976000989>",-0.09949106,-0.5114739,-0.0031829397,0.8535137,0.046148565,0.29274353,0.036549456
"<1740976001022>",-0.09964269,-0.5165068,-0.0042089033,0.8504553,0.048184976,0.2925932,0.03930434
"<1740976001056>",-0.0993608,-0.5218097,-0.005247221,0.8472393,0.049697928,0.29251516,0.04246411
"<1740976001089>",-0.09903846,-0.52713746,-0.00598165,0.84396774,0.052138817,0.29243574,0.045218118
"<1740976001122>",-0.0989278,-0.5327204,-0.0069038183,0.84046084,0.05416184,0.29247987,0.048150435
"<1740976001156>",-0.09907335,-0.5383281,-0.008573326,0.8368475,0.055919506,0.2926229,0.051299136
"<1740976001189>",-0.099010006,-0.5431555,-0.010563238,0.83370703,0.057563603,0.292781,0.05470744
"<1740976001222>",-0.09859246,-0.5483634,-0.012657333,0.83031124,0.060036033,0.29301274,0.058236353
"<1740976001256>",-0.09832612,-0.55405164,-0.014082964,0.82653505,0.06148646,0.29307112,0.061807122
"<1740976001289>",-0.09834505,-0.55973893,-0.014788846,0.82267964,0.06265267,0.29307327,0.0654062
"<1740976001322>",-0.09817316,-0.5654903,-0.015055142,0.8187527,0.06512092,0.29318658,0.0684471
"<1740976001356>",-0.09785144,-0.5717087,-0.01513719,0.8144599,0.06629714,0.29315072,0.072132714
"<1740976001389>",-0.09789085,-0.5781123,-0.015771475,0.8099103,0.068649404,0.29300135,0.07552063
"<1740976001422>",-0.09765379,-0.58380365,-0.01705215,0.80582017,0.07036662,0.29291642,0.07943499
"<1740976001456>",-0.09754424,-0.58963966,-0.018820968,0.8015334,0.071701184,0.2928538,0.08362598
"<1740976001489>",-0.09741761,-0.5957617,-0.020207763,0.79697514,0.0729054,0.29269254,0.087869465
"<1740976001522>",-0.09711863,-0.6020608,-0.021161765,0.7922391,0.075022705,0.29204383,0.09122156
"<1740976001556>",-0.09700911,-0.6084898,-0.021687482,0.78731126,0.07620463,0.29158923,0.09522427
"<1740976001589>",-0.0968983,-0.6148151,-0.021860782,0.7823906,0.077152126,0.2911174,0.09933879
"<1740976001622>",-0.09735323,-0.6210099,-0.022197235,0.77741635,0.07865585,0.2905528,0.102887996
"<1740976001656>",-0.09788837,-0.6267975,-0.02281037,0.77267224,0.0797993,0.29003355,0.1068509
"<1740976001689>",-0.097852886,-0.6328709,-0.023994477,0.76767397,0.0810825,0.28980446,0.11214705
"<1740976001722>",-0.098206915,-0.6385575,-0.02537711,0.76286006,0.08211931,0.28927577,0.11643234
"<1740976001756>",-0.098244935,-0.6436248,-0.026657963,0.7585408,0.08296551,0.28870326,0.12069473
"<1740976001789>",-0.09839239,-0.6493281,-0.028065227,0.75359416,0.08406533,0.28842524,0.1252168
"<1740976001822>",-0.09879295,-0.6548459,-0.029100036,0.7487121,0.08491826,0.28812268,0.12943643
"<1740976001856>",-0.09906565,-0.6602666,-0.029693514,0.7438765,0.08544755,0.2877843,0.13345739
"<1740976001889>",-0.09931736,-0.665995,-0.030082822,0.7387026,0.08610313,0.28773886,0.13870695
"<1740976001922>",-0.09905939,-0.6714173,-0.03013194,0.73381054,0.08620058,0.2875284,0.14278494
"<1740976001956>",-0.09853741,-0.67701024,-0.030168856,0.728723,0.086090885,0.2873345,0.14674126
"<1740976001989>",-0.098503985,-0.68253917,-0.030632941,0.72353214,0.08594706,0.28769526,0.15164793
"<1740976002022>",-0.09865222,-0.68741745,-0.03130909,0.7188495,0.08569098,0.28777012,0.15567586
"<1740976002056>",-0.098756395,-0.6924131,-0.031751283,0.71400493,0.08526453,0.2878785,0.15960233
"<1740976002089>",-0.098840706,-0.6978407,-0.031487286,0.7087012,0.0846688,0.28797922,0.16344973
"<1740976002122>",-0.098537534,-0.7034191,-0.030744964,0.70324,0.08313232,0.28857842,0.1679272
"<1740976002156>",-0.09828912,-0.7091518,-0.029809808,0.6975343,0.082098894,0.28874457,0.17188908
"<1740976002189>",-0.0984074,-0.71511084,-0.02945724,0.69142216,0.081335254,0.28891256,0.17577644
"<1740976002222>",-0.098173484,-0.7204573,-0.029832957,0.6858666,0.080467366,0.28935888,0.17981197
"<1740976002256>",-0.097601086,-0.7256362,-0.030766219,0.6804259,0.07965971,0.2896342,0.18398857
"<1740976002289>",-0.09696007,-0.73104906,-0.032065272,0.6746389,0.07871659,0.290096,0.18882658
"<1740976002322>",-0.0965887,-0.736393,-0.03283778,0.66881794,0.07772291,0.29041556,0.19316308
"<1740976002356>",-0.09622228,-0.7417296,-0.03329677,0.66292506,0.07660838,0.29059288,0.19711486
"<1740976002389>",-0.095993124,-0.74688375,-0.033634465,0.65712893,0.07599239,0.29089877,0.20079371
"<1740976002422>",-0.0957939,-0.752029,-0.03386788,0.6512517,0.07498753,0.2909775,0.2043924
"<1740976002456>",-0.09595318,-0.7569474,-0.03445116,0.64547384,0.073751815,0.29091176,0.20789322
"<1740976002489>",-0.096825205,-0.7612393,-0.03510574,0.6402397,0.07356667,0.29090586,0.21059832
"<1740976002522>",-0.09747169,-0.76547855,-0.035529763,0.63504267,0.07265652,0.29075727,0.21355556
"<1740976002556>",-0.09823993,-0.76973945,-0.03530196,0.6297648,0.071206555,0.2905395,0.21659206
"<1740976002589>",-0.09939061,-0.77436507,-0.034403257,0.6239363,0.06997677,0.29035112,0.21935138
"<1740976002622>",-0.09980992,-0.7790471,-0.03325416,0.6180757,0.068495154,0.29029912,0.22216047
"<1740976002656>",-0.10020066,-0.78323305,-0.031831715,0.6127744,0.06689703,0.29044867,0.22495605
"<1740976002689>",-0.1007624,-0.7876036,-0.03067599,0.60711294,0.06530714,0.29098114,0.22821459
"<1740976002722>",-0.10064292,-0.79213274,-0.030608593,0.6012151,0.06376182,0.29176235,0.23139237
"<1740976002756>",-0.099657945,-0.7957822,-0.030729622,0.59653544,0.061918415,0.29270276,0.23455234
"<1740976002789>",-0.09839366,-0.79927844,-0.030489499,0.5920665,0.060145155,0.29397878,0.23828214
"<1740976002822>",-0.097657524,-0.8036812,-0.030348303,0.5862067,0.05837857,0.29520074,0.24162784
"<1740976002856>",-0.09689976,-0.80762166,-0.03066399,0.58087635,0.056380793,0.2964374,0.24483968
"<1740976002889>",-0.09582379,-0.8103343,-0.0314575,0.57722294,0.0543656,0.2976324,0.2483262
"<1740976002922>",-0.094695926,-0.8136233,-0.03328056,0.5726622,0.05227794,0.29886353,0.25184852
"<1740976002956>",-0.09491003,-0.81697124,-0.035044786,0.5677338,0.05025927,0.3001499,0.25525087
"<1740976002989>",-0.095778465,-0.820328,-0.035640858,0.56268805,0.04835434,0.30130526,0.25831214
"<1740976003022>",-0.095122375,-0.8246164,-0.03509831,0.5565318,0.046040677,0.30226645,0.2614705
"<1740976003056>",-0.095663704,-0.8286393,-0.034187235,0.55048734,0.04364985,0.30317706,0.2645918
"<1740976003089>",-0.0964455,-0.8324942,-0.033661496,0.544535,0.041105375,0.30403677,0.26780784
"<1740976003122>",-0.09436856,-0.83679855,-0.033871766,0.53825194,0.03853599,0.30461478,0.27127117
"<1740976003156>",-0.0916275,-0.8406583,-0.034315232,0.53265405,0.035293058,0.30513972,0.27499297
"<1740976003189>",-0.08938904,-0.84447086,-0.03518382,0.52691597,0.033316508,0.30526364,0.2779836
"<1740976003223>",-0.08770736,-0.84847635,-0.036275424,0.5206527,0.03100415,0.30557543,0.2811798
"<1740976003256>",-0.08664911,-0.85218847,-0.03705107,0.5146783,0.028397515,0.30594763,0.28433317
"<1740976003289>",-0.08559008,-0.8557522,-0.03725891,0.50889504,0.026475228,0.3058664,0.28648356
"<1740976003322>",-0.08570156,-0.8591238,-0.036831625,0.5031945,0.024051242,0.3058494,0.28885084
"<1740976003356>",0.086358115,0.8625921,0.036200937,-0.49715844,0.021637766,0.30569634,0.2910229
"<1740976003389>",0.08694243,0.865785,0.03606713,-0.49148375,0.019511133,0.30533057,0.29215348
"<1740976003423>",0.08775914,0.8681777,0.03603349,-0.48710087,0.016983703,0.30511937,0.29415405
"<1740976003456>",0.08844155,0.87072885,0.035664722,-0.48242843,0.014348867,0.30487373,0.29626217
"<1740976003489>",0.088751264,0.87396693,0.035574347,-0.47648653,0.012741281,0.30435595,0.2986877
"<1740976003523>",0.08883886,0.876862,0.035354264,-0.4711376,0.01047278,0.30397218,0.30121207
"<1740976003556>",0.088825606,0.8797418,0.03597294,-0.46569335,0.007970414,0.3037027,0.30390552
"<1740976003589>",0.08880547,0.88257116,0.037382767,-0.46020013,0.006168537,0.30324003,0.30675173
"<1740976003622>",0.08834991,0.8854959,0.039004687,-0.45449954,0.004058807,0.3030277,0.3097278
"<1740976003656>",0.08749866,0.888122,0.040300526,-0.44939846,0.0015158821,0.30311286,0.3126338
"<1740976003689>",0.085959524,0.8910907,0.04093874,-0.4437254,-0.00093202665,0.30330873,0.31462297
"<1740976003722>",0.084252246,0.8945293,0.040765464,-0.43710068,-0.003737428,0.30345303,0.31707647
"<1740976003756>",0.08397952,0.8977118,0.03981183,-0.4306692,-0.0064592464,0.30361536,0.3193054
"<1740976003789>",0.084823325,0.90077394,0.03853578,-0.424177,-0.008992964,0.30378038,0.3207131
"<1740976003822>",0.08573777,0.90385795,0.036739103,-0.41754037,-0.011463554,0.30398002,0.32274124
"<1740976003856>",0.08651244,0.90715134,0.035534173,-0.41027945,-0.01384674,0.30423793,0.32498685
"<1740976003889>",0.086348884,0.91023755,0.03552976,-0.40342164,-0.016007304,0.30465573,0.3268875
"<1740976003922>",0.08570402,0.91286266,0.03571184,-0.39756906,-0.0185772,0.30505195,0.3294347
"<1740976003956>",0.085421905,0.9155485,0.036189586,-0.39136204,-0.020995092,0.30543035,0.33209622
"<1740976003989>",0.08542384,0.9183533,0.037307296,-0.38462716,-0.023008423,0.3061093,0.33454522
"<1740976004022>",0.08472283,0.92119384,0.038621128,-0.3777992,-0.02533071,0.3063946,0.33741593
"<1740976004056>",0.0829447,0.92374563,0.040575422,-0.37170917,-0.027924882,0.30656222,0.34041414
"<1740976004089>",0.081311174,0.9259962,0.04315705,-0.36613783,-0.029632127,0.3065577,0.3425379
"<1740976004122>",0.07951892,0.9284241,0.04602186,-0.3599823,-0.03193801,0.3065206,0.3450798
"<1740976004156>",0.07762592,0.9307376,0.047829665,-0.3541382,-0.034821104,0.30636734,0.34765157
"<1740976004189>",0.07660419,0.9331164,0.048531175,-0.34795144,-0.037246574,0.30584747,0.35051605
"<1740976004223>",0.077337064,0.93549806,0.048297446,-0.34136447,-0.03965811,0.30536944,0.3528445
"<1740976004256>",0.07866781,0.938067,0.047858864,-0.33399263,-0.04200214,0.30496734,0.35497665
"<1740976004289>",0.07927322,0.940348,0.04763608,-0.32740194,-0.044473495,0.30463693,0.35723636
"<1740976004322>",0.079093434,0.9421922,0.047782537,-0.32207888,-0.04747293,0.30480313,0.3604683
"<1740976004356>",0.07854672,0.9441555,0.048384923,-0.31632206,-0.050124902,0.30475065,0.3631921
"<1740976004389>",0.07793355,0.9460204,0.04932231,-0.31070706,-0.05357863,0.30515087,0.36637217
"<1740976004422>",0.07716036,0.94759786,0.049758457,-0.3059879,-0.056653585,0.30544254,0.3693118
"<1740976004456>",0.076075554,0.9495436,0.0500448,-0.3001247,-0.05929226,0.30556768,0.37217835
"<1740976004489>",0.07595999,0.95165104,0.051552374,-0.29314268,-0.061566725,0.3057825,0.37519866
"<1740976004522>",0.07558084,0.9532554,0.053639084,-0.28760117,-0.06405913,0.30596402,0.3787537
"<1740976004556>",0.07352944,0.954737,0.055716373,-0.28278294,-0.06715275,0.30627948,0.38172814
"<1740976004589>",0.071618125,0.9562595,0.0581109,-0.2775998,-0.07005719,0.30687806,0.384623
"<1740976004623>",0.06938415,0.9580586,0.059744533,-0.2715512,-0.07359542,0.3074973,0.3871785
"<1740976004656>",0.066417314,0.96010715,0.05928836,-0.26508066,-0.07776849,0.30801082,0.38926712
"<1740976004689>",0.06432524,0.96238065,0.057941984,-0.25754297,-0.08069196,0.30803207,0.39135307
"<1740976004722>",0.06287226,0.9648521,0.057397094,-0.2486222,-0.08427744,0.3083562,0.39350352
"<1740976004756>",0.060752414,0.96699697,0.058089662,-0.24052346,-0.08863386,0.3089043,0.3957905
"<1740976004789>",0.057546996,0.9687354,0.05940653,-0.2339036,-0.09144934,0.30937606,0.39753848
"<1740976004822>",0.054818526,0.9703654,0.06128969,-0.22722103,-0.095420115,0.3097951,0.39964166
"<1740976004856>",0.052506737,0.9720641,0.06316111,-0.2198749,-0.10010985,0.3100974,0.40184256
"<1740976004889>",0.050483037,0.97367424,0.064302,-0.2127792,-0.10235334,0.30997863,0.40296704
"<1740976004923>",0.049768377,0.9752064,0.065058775,-0.20557928,-0.1056738,0.30983302,0.40434974
"<1740976004956>",0.04996672,0.97681314,0.0661866,-0.19737962,-0.10950672,0.30975458,0.40591958
"<1740976004989>",0.049522787,0.97819656,0.066546194,-0.19039564,-0.11282273,0.30951554,0.40657797
"<1740976005023>",0.04874562,0.97942585,0.06666933,-0.1841306,-0.11645403,0.30932066,0.40730748
"<1740976005056>",0.048319977,0.98069745,0.06681156,-0.17729586,-0.12007895,0.30924308,0.40806696
"<1740976005089>",0.04753431,0.9820412,0.066282056,-0.17012414,-0.12358578,0.30924317,0.4085757
"<1740976005123>",0.047030967,0.9832406,0.06556011,-0.16348651,-0.12657778,0.30969563,0.40791616
"<1740976005156>",0.04675604,0.98433745,0.065098196,-0.15702151,-0.12952958,0.30999023,0.40803978
"<1740976005189>",0.046521045,0.9853633,0.06487403,-0.15061942,-0.13382626,0.31065518,0.4078824
"<1740976005223>",0.045630924,0.9863732,0.064507,-0.14430682,-0.1373234,0.31126636,0.40799648
"<1740976005256>",0.044424288,0.98733747,0.06427781,-0.138056,-0.14024091,0.31185883,0.4082889
"<1740976005289>",0.043250863,0.9881766,0.06421849,-0.1323342,-0.14386693,0.31225142,0.40949237
"<1740976005322>",0.042614073,0.98895335,0.06428751,-0.12657948,-0.14684673,0.31269354,0.41021082
"<1740976005356>",0.042522736,0.9897181,0.06433912,-0.12045867,-0.14939652,0.31311423,0.4105251
"<1740976005389>",0.042449635,0.9904699,0.064074695,-0.11428797,-0.15278952,0.3133723,0.41141924
"<1740976005423>",0.04234875,0.9912244,0.06361695,-0.10785877,-0.15571892,0.313462,0.41174728
"<1740976005456>",0.042865373,0.9919075,0.06337487,-0.101319544,-0.15821463,0.31339118,0.41179428
"<1740976005489>",0.044121474,0.9924522,0.064037725,-0.094821066,-0.16115212,0.31319794,0.41210842
"<1740976005523>",0.04487297,0.9929747,0.06471224,-0.08831664,-0.16397975,0.31286258,0.41226536
"<1740976005556>",0.045397367,0.9934579,0.06534948,-0.0819124,-0.1667462,0.3124522,0.41225675
"<1740976005590>",0.046118706,0.9938703,0.066451594,-0.07535873,-0.1695994,0.3125157,0.41199806
"<1740976005623>",0.04732342,0.99423194,0.06728049,-0.06882223,-0.17240764,0.31244388,0.41167036
"<1740976005656>",0.048940957,0.9946271,0.06678648,-0.06213825,-0.1751443,0.31221142,0.41113874
"<1740976005689>",0.05197324,0.9949928,0.06587872,-0.05429593,-0.17767888,0.31208894,0.41073677
"<1740976005723>",0.05565035,0.9952764,0.065339185,-0.04537278,-0.18013093,0.31205043,0.41053814
"<1740976005756>",0.057663582,0.9955136,0.06522581,-0.03705502,-0.18305667,0.31207266,0.41034427
"<1740976005789>",0.056855746,0.99578977,0.065698005,-0.029220207,-0.18660139,0.31217954,0.4101651
"<1740976005823>",0.055045374,0.9959868,0.066874996,-0.02253657,-0.19017828,0.31215343,0.4100811
"<1740976005856>",0.053710252,0.99609035,0.06842437,-0.015402245,-0.1938348,0.31218937,0.41000086
"<1740976005889>",0.053380046,0.99613297,0.06937007,-0.007579076,-0.1966877,0.3120159,0.40990227
"<1740976005923>",0.05408063,0.99610406,0.06964837,0.00095833314,-0.19964162,0.31158027,0.40959412
"<1740976005956>",0.055317808,0.9959665,0.069966875,0.009757215,-0.20269357,0.3110203,0.40921706
"<1740976005989>",0.056087688,0.99579155,0.07029934,0.017642349,-0.2059462,0.31055972,0.40814215
"<1740976006023>",0.055843882,0.99558985,0.07106169,0.025147611,-0.20931245,0.3102408,0.40746275
"<1740976006056>",0.05553464,0.9953395,0.072353214,0.031305037,-0.21271501,0.31017125,0.40703434
"<1740976006089>",0.054553486,0.99515957,0.072893895,0.036982257,-0.21554038,0.310638,0.40579146
"<1740976006123>",0.05178746,0.99501693,0.07272592,0.044387512,-0.21897353,0.31126013,0.4046895
"<1740976006156>",0.049878035,0.9948378,0.07245678,0.050593756,-0.2226294,0.31200796,0.40369052
"<1740976006189>",0.049243037,0.99451786,0.07272847,0.056743212,-0.22541712,0.3130228,0.40251207
"<1740976006223>",0.04984123,0.9940683,0.072620414,0.063797995,-0.22833449,0.31394398,0.40141705
"<1740976006256>",0.050446726,0.9935698,0.0716766,0.07166955,-0.23153378,0.3147344,0.40016732
"<1740976006289>",0.050362263,0.99304426,0.070433095,0.07978619,-0.23454167,0.31550846,0.39813837
"<1740976006323>",0.049454086,0.99253553,0.06932149,0.08730371,-0.238064,0.3163199,0.39625448
"<1740976006356>",0.048137367,0.99204564,0.068523094,0.093982205,-0.24190135,0.31714955,0.39458954
"<1740976006389>",0.04681127,0.9914297,0.06838271,0.10099268,-0.24486342,0.31817245,0.39254987
"<1740976006423>",0.044907443,0.99071056,0.06869344,0.10842976,-0.24826364,0.31914097,0.3910577
"<1740976006456>",0.042892464,0.99004656,0.069100246,0.114861466,-0.251929,0.32005906,0.38988814
"<1740976006489>",0.040925138,0.9893611,0.07019743,0.120673195,-0.2555128,0.32095024,0.388903
"<1740976006523>",0.038619418,0.9885778,0.07160788,0.12686515,-0.2590508,0.32191983,0.38806644
"<1740976006556>",0.036971953,0.987765,0.07260276,0.1329738,-0.2623803,0.32286462,0.3872391
"<1740976006589>",0.036378372,0.98686713,0.073295526,0.13927515,-0.2660917,0.32339194,0.38645136
"<1740976006623>",0.035659675,0.98576885,0.07370305,0.14681932,-0.26950902,0.32408392,0.38539454
"<1740976006656>",0.033925325,0.9847475,0.073468104,0.15402494,-0.27295494,0.3248098,0.38373336
"<1740976006689>",0.030870292,0.9839074,0.07188739,0.16064048,-0.27656156,0.32512096,0.38312683
"<1740976006723>",0.028001094,0.9828267,0.07069167,0.16813736,-0.28031838,0.32541758,0.3809854
"<1740976006756>",0.026373591,0.98157066,0.07041308,0.17568526,-0.2839697,0.32561275,0.37881187
"<1740976006789>",0.02569072,0.98037636,0.07014202,0.18243413,-0.28696412,0.32493114,0.37759942
"<1740976006823>",0.025530174,0.979073,0.07001463,0.18937321,-0.29029256,0.32472154,0.3754815
"<1740976006856>",0.025012797,0.9778037,0.068726696,0.19634381,-0.29359674,0.32440174,0.3729489
"<1740976006889>",0.024300246,0.97630364,0.06788996,0.20403825,-0.29623145,0.32390213,0.3717964
"<1740976006923>",0.024611106,0.9747786,0.06844283,0.21098936,-0.29912382,0.32357478,0.37007368
"<1740976006956>",0.0244207,0.9733455,0.06886983,0.21739115,-0.30194485,0.32330126,0.3683248
"<1740976006989>",0.023874775,0.97193885,0.06887133,0.22365487,-0.30405694,0.32310602,0.36700594
"<1740976007023>",0.024037328,0.9705186,0.068941034,0.2297015,-0.3061452,0.32300854,0.36540797
"<1740976007056>",0.024468662,0.96893483,0.06876839,0.23629928,-0.3081482,0.32299292,0.3635975
"<1740976007089>",0.02473621,0.96738136,0.06877568,0.24255173,-0.31116664,0.3236146,0.36114937
"<1740976007123>",0.024881974,0.96597695,0.06828939,0.24820536,-0.3132871,0.32395256,0.35880297
"<1740976007156>",0.02426059,0.96442366,0.06705093,0.2545635,-0.31540066,0.32431144,0.35623905
"<1740976007189>",0.02383266,0.9627824,0.06612904,0.2609768,-0.31924856,0.3244125,0.35391003
"<1740976007223>",0.0234056,0.960973,0.06525358,0.267815,-0.32179365,0.32481784,0.35136282
"<1740976007256>",0.023492113,0.95899934,0.06509679,0.27482858,-0.324279,0.32530877,0.34898254
"<1740976007289>",0.023491213,0.95709246,0.0650643,0.28140494,-0.32862294,0.32545656,0.34659454
"<1740976007323>",0.02345703,0.95514256,0.065307185,0.28790164,-0.33157575,0.32584235,0.3442686
"<1740976007356>",0.023537992,0.953245,0.06557364,0.29405776,-0.3343874,0.32622996,0.34186298
"<1740976007389>",0.022860542,0.9512866,0.06530885,0.30044273,-0.3383753,0.32572138,0.34077817
"<1740976007423>",0.021315543,0.94930375,0.06474803,0.30688038,-0.3413716,0.3256845,0.33817846
"<1740976007456>",0.01989683,0.9473672,0.06477911,0.3128947,-0.34418565,0.3255109,0.33556408
"<1740976007489>",0.019504566,0.9454316,0.06557007,0.3185579,-0.3465285,0.32441548,0.33529863
"<1740976007523>",0.020319082,0.94320905,0.06692648,0.32475314,-0.3488984,0.32388657,0.3335451
"<1740976007556>",0.021801353,0.94097996,0.06821774,0.33079836,-0.35115445,0.32339296,0.33162877
"<1740976007589>",0.022597343,0.93882984,0.0682005,0.33680344,-0.3520224,0.3227709,0.32915983
"<1740976007623>",0.022459038,0.93660843,0.06790275,0.34300053,-0.35425973,0.32245293,0.32685012
"<1740976007656>",0.02153393,0.9346196,0.06777399,0.34846672,-0.3568431,0.32237545,0.3245317
"<1740976007689>",0.019208826,0.9325157,0.067869395,0.354174,-0.35925305,0.32200286,0.32384232
"<1740976007723>",0.016415259,0.93074137,0.06784506,0.35895392,-0.36211497,0.32217515,0.32168192
"<1740976007756>",0.0130141955,0.9288921,0.06735798,0.36394083,-0.36499327,0.32243615,0.31930488
"<1740976007789>",0.010298877,0.9269202,0.06719896,0.36904895,-0.36684638,0.32198644,0.3185587
"<1740976007823>",0.008442519,0.92497027,0.066647366,0.37405452,-0.36888546,0.32184136,0.3168404
"<1740976007856>",0.0068391105,0.9226443,0.065768294,0.3799409,-0.37101305,0.32184446,0.3144697
"<1740976007889>",0.006014652,0.92029744,0.06502835,0.38573,-0.37266874,0.32155836,0.31216604
"<1740976007923>",0.005734587,0.9179279,0.06461681,0.3914077,-0.37445015,0.32124126,0.30985275
"<1740976007956>",0.0060308417,0.91542083,0.06549802,0.39708725,-0.3763859,0.32093248,0.307776
"<1740976007989>",0.0064379903,0.9129825,0.06663313,0.40246916,-0.378044,0.320289,0.30690825
"<1740976008023>",0.006147742,0.9104785,0.067146175,0.40802258,-0.38014212,0.3196827,0.30528605
"<1740976008056>",0.0054332493,0.9079561,0.06798224,0.41347852,-0.38264346,0.3191379,0.30328304
"<1740976008089>",0.004146818,0.9055161,0.06926087,0.4186003,-0.38318586,0.31871492,0.3028924
"<1740976008123>",0.0021565652,0.9031682,0.07025483,0.42349347,-0.3858258,0.31821394,0.30093718
"<1740976008156>",-0.00047327444,0.90068656,0.07043922,0.42872104,-0.38871515,0.3176678,0.29863754
"<1740976008189>",-0.00297787,0.898075,0.07079557,0.43409714,-0.39090902,0.31677696,0.29665688
"<1740976008223>",-0.0046457094,0.8954355,0.07129768,0.4394204,-0.3933464,0.31619367,0.2945768
"<1740976008256>",-0.00506517,0.8925988,0.071832106,0.44506368,-0.39585608,0.31581667,0.29256785
"<1740976008289>",-0.0047436743,0.8892774,0.07248216,0.4515633,-0.39771,0.31550616,0.29087827
"<1740976008323>",-0.0036120517,0.88552815,0.07219331,0.458928,-0.3997254,0.31500393,0.28911862
"<1740976008356>",-0.0020296676,0.88145065,0.07220245,0.46671975,-0.40195566,0.314325,0.28745323
"<1740976008389>",-0.0011051976,0.8776479,0.07342976,0.47364646,-0.403589,0.31385615,0.2865595
"<1740976008423>",-0.0022246703,0.8746804,0.074671686,0.47890836,-0.4051689,0.31360373,0.28545004
"<1740976008456>",-0.005778156,0.87254167,0.07474517,0.48275316,-0.40774816,0.3134002,0.282656
"<1740976008489>",-0.010629206,0.87045795,0.07421523,0.48649967,-0.40984565,0.3132791,0.28016657
"<1740976008523>",-0.01440025,0.8684494,0.07418435,0.48998457,-0.41201502,0.31350368,0.27751285
"<1740976008556>",-0.016391207,0.8660777,0.07405063,0.49412242,-0.4140137,0.3138887,0.27499288
"<1740976008589>",-0.016757889,0.8632138,0.07409123,0.4990906,-0.41668618,0.31336147,0.27403402
"<1740976008623>",-0.016394267,0.8603089,0.074032314,0.50410205,-0.418194,0.31363392,0.2721719
"<1740976008656>",-0.016568936,0.8578766,0.073263034,0.50833607,-0.4193715,0.31396925,0.27006587
"<1740976008689>",-0.017018288,0.8558572,0.07228782,0.5118526,-0.41997963,0.31384492,0.26826423
"<1740976008723>",-0.01749024,0.8534423,0.071868934,0.51591176,-0.42074126,0.31387764,0.2665032
"<1740976008756>",-0.01713861,0.8513367,0.07223222,0.51934016,-0.42152777,0.3139092,0.26492727
"<1740976008789>",-0.016510762,0.84947103,0.07304188,0.5222939,-0.42337483,0.3133292,0.26345915
"<1740976008823>",-0.016047206,0.8472653,0.07353802,0.52580976,-0.42414352,0.3131334,0.26199389
"<1740976008856>",-0.015267777,0.84537226,0.073856495,0.5288267,-0.4246588,0.31297952,0.26048955
"<1740976008889>",-0.014544694,0.8434601,0.074044734,0.53186524,-0.42738372,0.3128373,0.2583692
"<1740976008923>",-0.013885857,0.8412777,0.07444253,0.5352728,-0.42816556,0.31264958,0.25688434
"<1740976008956>",-0.013699864,0.83906454,0.07441156,0.53874445,-0.4287734,0.312469,0.25539082
"<1740976008989>",-0.014085089,0.8369719,0.07415545,0.5420151,-0.43109167,0.3126503,0.253471
"<1740976009023>",-0.015184844,0.8357233,0.07481381,0.5438185,-0.43276745,0.31285575,0.25183752
